Date,temperature_2m,dew_point_2m,relative_humidity_2m,Weather_Condition
2023-01-01 00:00:00+00:00,11.037001,10.987,99.66872,Cloudy
2023-01-01 01:00:00+00:00,11.937,11.937,100.0,Cloudy
2023-01-01 02:00:00+00:00,12.087001,11.987,99.34381,Cloudy
2023-01-01 03:00:00+00:00,13.287001,12.937,97.740944,Cloudy
2023-01-01 04:00:00+00:00,15.737,13.937,89.052246,Sunny
2023-01-01 05:00:00+00:00,18.437,14.787001,79.300964,Sunny
2023-01-01 06:00:00+00:00,20.187,14.937,71.80809,Sunny
2023-01-01 07:00:00+00:00,21.187,14.837001,67.08565,Sunny
2023-01-01 08:00:00+00:00,21.737,14.737,64.44747,Sunny
2023-01-01 09:00:00+00:00,21.837,14.537001,63.23386,Sunny
2023-01-01 10:00:00+00:00,21.587,14.537001,64.20737,Sunny
2023-01-01 11:00:00+00:00,21.036999,14.637,66.83892,Sunny
2023-01-01 12:00:00+00:00,19.536999,14.837001,74.28007,Sunny
2023-01-01 13:00:00+00:00,18.587,14.587001,77.55288,Sunny
2023-01-01 14:00:00+00:00,18.237,14.337001,78.0026,Sunny
2023-01-01 15:00:00+00:00,16.786999,13.687,81.949005,Rainy
2023-01-01 16:00:00+00:00,15.787001,13.687,87.33865,Sunny
2023-01-01 17:00:00+00:00,14.937,13.437,90.74554,Sunny
2023-01-01 18:00:00+00:00,14.337001,13.187,92.802345,Sunny
2023-01-01 19:00:00+00:00,13.587001,12.737,94.60398,Sunny
2023-01-01 20:00:00+00:00,12.637,12.087001,96.45266,Sunny
2023-01-01 21:00:00+00:00,12.387,11.887,96.76427,Sunny
2023-01-01 22:00:00+00:00,12.987,12.287001,95.516685,Sunny
2023-01-01 23:00:00+00:00,13.587001,12.787001,94.91415,Sunny
2023-01-02 00:00:00+00:00,11.837001,11.487,97.715454,Sunny
2023-01-02 01:00:00+00:00,10.887,10.887,100.0,Sunny
2023-01-02 02:00:00+00:00,11.637,11.587001,99.67026,Cloudy
2023-01-02 03:00:00+00:00,13.537001,13.037001,96.79278,Sunny
2023-01-02 04:00:00+00:00,16.487,14.087001,85.72212,Sunny
2023-01-02 05:00:00+00:00,18.937,14.587001,75.87491,Sunny
2023-01-02 06:00:00+00:00,20.536999,14.737,69.373535,Sunny
2023-01-02 07:00:00+00:00,21.487,14.387,63.978493,Rainy
2023-01-02 08:00:00+00:00,21.937,13.587001,59.096626,Rainy
2023-01-02 09:00:00+00:00,21.987,13.337001,57.96545,Sunny
2023-01-02 10:00:00+00:00,21.536999,13.687,60.95378,Sunny
2023-01-02 11:00:00+00:00,18.937,14.987,77.85605,Sunny
2023-01-02 12:00:00+00:00,16.437,13.487,82.708824,Sunny
2023-01-02 13:00:00+00:00,15.837001,13.337001,85.09924,Sunny
2023-01-02 14:00:00+00:00,14.987,13.237,89.28268,Sunny
2023-01-02 15:00:00+00:00,14.487,13.037001,91.011444,Sunny
2023-01-02 16:00:00+00:00,14.187,12.737,90.99137,Sunny
2023-01-02 17:00:00+00:00,13.687,12.287001,91.25719,Sunny
2023-01-02 18:00:00+00:00,13.237,11.987,92.13403,Sunny
2023-01-02 19:00:00+00:00,12.687,11.687,93.63564,Sunny
2023-01-02 20:00:00+00:00,11.987,11.187,94.851715,Sunny
2023-01-02 21:00:00+00:00,11.037001,10.487,96.40863,Sunny
2023-01-02 22:00:00+00:00,10.687,10.187,96.72144,Sunny
2023-01-02 23:00:00+00:00,10.587001,10.137,97.04269,Sunny
2023-01-03 00:00:00+00:00,10.337001,10.187,99.00356,Sunny
2023-01-03 01:00:00+00:00,11.087001,10.837001,98.35383,Sunny
2023-01-03 02:00:00+00:00,12.087001,11.337001,95.170204,Sunny
2023-01-03 03:00:00+00:00,14.337001,12.087001,86.34849,Sunny
2023-01-03 04:00:00+00:00,16.637,13.087001,79.56175,Sunny
2023-01-03 05:00:00+00:00,18.837,13.487,71.09606,Sunny
2023-01-03 06:00:00+00:00,20.387,13.287001,63.73651,Sunny
2023-01-03 07:00:00+00:00,21.387,13.037001,58.96521,Sunny
2023-01-03 08:00:00+00:00,21.837,12.737,56.25001,Sunny
2023-01-03 09:00:00+00:00,21.786999,12.637,56.05367,Sunny
2023-01-03 10:00:00+00:00,21.237,13.037001,59.509865,Sunny
2023-01-03 11:00:00+00:00,18.487,13.787001,74.10093,Sunny
2023-01-03 12:00:00+00:00,15.637,12.687,82.611046,Sunny
2023-01-03 13:00:00+00:00,15.387,12.287001,81.77088,Sunny
2023-01-03 14:00:00+00:00,14.787001,12.087001,83.8763,Sunny
2023-01-03 15:00:00+00:00,14.137,12.037001,87.18597,Sunny
2023-01-03 16:00:00+00:00,13.537001,11.837001,89.462166,Sunny
2023-01-03 17:00:00+00:00,12.937,11.487,90.90709,Sunny
2023-01-03 18:00:00+00:00,12.387,11.087001,91.77876,Sunny
2023-01-03 19:00:00+00:00,11.787001,10.737,93.28134,Sunny
2023-01-03 20:00:00+00:00,11.487,10.587001,94.20282,Sunny
2023-01-03 21:00:00+00:00,11.137,10.337001,94.818085,Sunny
2023-01-03 22:00:00+00:00,10.787001,10.087001,95.44032,Sunny
2023-01-03 23:00:00+00:00,10.237,9.737,96.70998,Sunny
2023-01-04 00:00:00+00:00,9.637,9.437,98.66605,Sunny
2023-01-04 01:00:00+00:00,10.337001,9.987,97.688614,Sunny
2023-01-04 02:00:00+00:00,11.387,10.587001,94.82801,Sunny
2023-01-04 03:00:00+00:00,13.137,11.237,88.254684,Sunny
2023-01-04 04:00:00+00:00,15.087001,12.087001,82.27223,Sunny
2023-01-04 05:00:00+00:00,17.187,12.587001,74.36283,Sunny
2023-01-04 06:00:00+00:00,18.987,12.437,65.761765,Sunny
2023-01-04 07:00:00+00:00,20.137,12.187,60.230583,Sunny
2023-01-04 08:00:00+00:00,20.837,12.037001,57.118793,Sunny
2023-01-04 09:00:00+00:00,20.987,12.037001,56.594433,Sunny
2023-01-04 10:00:00+00:00,20.437,12.437,60.10368,Sunny
2023-01-04 11:00:00+00:00,18.137,12.637,70.27096,Sunny
2023-01-04 12:00:00+00:00,15.237,11.737,79.62521,Sunny
2023-01-04 13:00:00+00:00,14.437,11.637,83.28433,Sunny
2023-01-04 14:00:00+00:00,13.487,11.587001,88.28487,Sunny
2023-01-04 15:00:00+00:00,13.037001,11.337001,89.423096,Sunny
2023-01-04 16:00:00+00:00,12.537001,11.087001,90.87985,Sunny
2023-01-04 17:00:00+00:00,12.037001,10.787001,92.06268,Sunny
2023-01-04 18:00:00+00:00,11.587001,10.537001,93.27112,Sunny
2023-01-04 19:00:00+00:00,11.187,10.287001,94.18951,Sunny
2023-01-04 20:00:00+00:00,10.887,10.137,95.12552,Sunny
2023-01-04 21:00:00+00:00,10.587001,9.937,95.75328,Sunny
2023-01-04 22:00:00+00:00,10.237,9.637,96.06355,Sunny
2023-01-04 23:00:00+00:00,9.937,9.387,96.377846,Sunny
2023-01-05 00:00:00+00:00,9.587001,9.237,97.67503,Cloudy
2023-01-05 01:00:00+00:00,10.437,9.587001,94.47262,Cloudy
2023-01-05 02:00:00+00:00,10.887,9.787001,92.92336,Cloudy
2023-01-05 03:00:00+00:00,11.687,10.037001,89.6158,Cloudy
2023-01-05 04:00:00+00:00,13.487,10.737,83.44787,Sunny
2023-01-05 05:00:00+00:00,15.387,11.637,78.34345,Sunny
2023-01-05 06:00:00+00:00,17.237,12.187,72.20661,Sunny
2023-01-05 07:00:00+00:00,18.786999,12.387,66.369934,Sunny
2023-01-05 08:00:00+00:00,19.737,12.287001,62.148674,Sunny
2023-01-05 09:00:00+00:00,20.036999,12.137,60.40541,Sunny
2023-01-05 10:00:00+00:00,19.536999,12.387,63.339813,Sunny
2023-01-05 11:00:00+00:00,17.337,12.887,75.12219,Sunny
2023-01-05 12:00:00+00:00,14.687,12.187,84.97592,Sunny
2023-01-05 13:00:00+00:00,14.187,11.887,86.04964,Sunny
2023-01-05 14:00:00+00:00,13.537001,11.687,88.581154,Sunny
2023-01-05 15:00:00+00:00,12.987,11.487,90.61048,Sunny
2023-01-05 16:00:00+00:00,12.487,11.087001,91.17839,Sunny
2023-01-05 17:00:00+00:00,11.987,10.737,92.0597,Sunny
2023-01-05 18:00:00+00:00,11.537001,10.487,93.26856,Sunny
2023-01-05 19:00:00+00:00,11.237,10.237,93.56511,Sunny
2023-01-05 20:00:00+00:00,11.087001,10.037001,93.245476,Sunny
2023-01-05 21:00:00+00:00,10.687,9.737,93.85218,Sunny
2023-01-05 22:00:00+00:00,10.287001,9.487,94.78413,Sunny
2023-01-05 23:00:00+00:00,9.987,9.287001,95.41208,Sunny
2023-01-06 00:00:00+00:00,9.637,9.187,97.02072,Sunny
2023-01-06 01:00:00+00:00,9.837001,9.237,96.05132,Sunny
2023-01-06 02:00:00+00:00,10.587001,9.587001,93.53311,Sunny
2023-01-06 03:00:00+00:00,12.037001,10.137,88.159065,Sunny
2023-01-06 04:00:00+00:00,13.887,10.737,81.30643,Sunny
2023-01-06 05:00:00+00:00,15.887,11.387,74.63184,Sunny
2023-01-06 06:00:00+00:00,17.687,11.987,69.26671,Sunny
2023-01-06 07:00:00+00:00,18.987,12.487,65.977875,Sunny
2023-01-06 08:00:00+00:00,19.837,12.987,64.66354,Sunny
2023-01-06 09:00:00+00:00,20.087,13.137,64.29694,Sunny
2023-01-06 10:00:00+00:00,19.587,13.137,66.32094,Sunny
2023-01-06 11:00:00+00:00,17.536999,13.187,75.64763,Sunny
2023-01-06 12:00:00+00:00,14.587001,12.087001,84.96512,Sunny
2023-01-06 13:00:00+00:00,13.937,11.787001,86.880295,Sunny
2023-01-06 14:00:00+00:00,13.387,11.637,89.15563,Sunny
2023-01-06 15:00:00+00:00,12.987,11.487,90.61048,Sunny
2023-01-06 16:00:00+00:00,12.637,11.237,91.1883,Sunny
2023-01-06 17:00:00+00:00,12.287001,11.037001,92.07762,Sunny
2023-01-06 18:00:00+00:00,11.837001,10.787001,93.28388,Sunny
2023-01-06 19:00:00+00:00,11.387,10.537001,94.51274,Sunny
2023-01-06 20:00:00+00:00,11.087001,10.337001,95.13301,Sunny
2023-01-06 21:00:00+00:00,10.787001,10.137,95.75982,Sunny
2023-01-06 22:00:00+00:00,10.437,9.887,96.39188,Sunny
2023-01-06 23:00:00+00:00,10.187,9.637,96.38488,Sunny
2023-01-07 00:00:00+00:00,9.787001,9.387,97.350945,Cloudy
2023-01-07 01:00:00+00:00,10.287001,9.537001,95.10294,Cloudy
2023-01-07 02:00:00+00:00,10.387,9.537001,94.4705,Cloudy
2023-01-07 03:00:00+00:00,10.937,9.637,91.688416,Cloudy
2023-01-07 04:00:00+00:00,12.237,10.137,87.00676,Cloudy
2023-01-07 05:00:00+00:00,14.287001,11.087001,81.08971,Cloudy
2023-01-07 06:00:00+00:00,16.536999,12.087001,74.9885,Sunny
2023-01-07 07:00:00+00:00,18.487,12.387,67.62726,Sunny
2023-01-07 08:00:00+00:00,19.637,12.837001,64.831825,Sunny
2023-01-07 09:00:00+00:00,19.786999,12.987,64.86432,Sunny
2023-01-07 10:00:00+00:00,19.187,13.037001,67.54919,Sunny
2023-01-07 11:00:00+00:00,17.187,13.137,77.086876,Sunny
2023-01-07 12:00:00+00:00,14.687,12.087001,84.41874,Sunny
2023-01-07 13:00:00+00:00,13.837001,11.637,86.584404,Sunny
2023-01-07 14:00:00+00:00,13.087001,11.387,89.42701,Sunny
2023-01-07 15:00:00+00:00,12.537001,11.137,91.181694,Sunny
2023-01-07 16:00:00+00:00,12.087001,10.737,91.45562,Sunny
2023-01-07 17:00:00+00:00,11.637,10.437,92.346085,Sunny
2023-01-07 18:00:00+00:00,11.137,10.137,93.5602,Sunny
2023-01-07 19:00:00+00:00,10.687,9.837001,94.48322,Sunny
2023-01-07 20:00:00+00:00,10.337001,9.587001,95.10482,Sunny
2023-01-07 21:00:00+00:00,9.937,9.287001,95.731865,Sunny
2023-01-07 22:00:00+00:00,9.587001,8.937,95.72028,Sunny
2023-01-07 23:00:00+00:00,9.187,8.587001,96.03133,Sunny
2023-01-08 00:00:00+00:00,8.837001,8.487,97.66131,Cloudy
2023-01-08 01:00:00+00:00,9.087001,8.737,97.6659,Cloudy
2023-01-08 02:00:00+00:00,9.787001,8.937,94.44493,Cloudy
2023-01-08 03:00:00+00:00,10.737,9.137,89.84402,Cloudy
2023-01-08 04:00:00+00:00,12.037001,9.587001,84.97077,Cloudy
2023-01-08 05:00:00+00:00,14.037001,10.387,78.66399,Sunny
2023-01-08 06:00:00+00:00,16.036999,11.037001,72.22573,Sunny
2023-01-08 07:00:00+00:00,17.587,11.487,67.44231,Sunny
2023-01-08 08:00:00+00:00,18.487,11.837001,65.22366,Sunny
2023-01-08 09:00:00+00:00,18.837,11.837001,63.811382,Sunny
2023-01-08 10:00:00+00:00,18.337,11.937,66.27505,Sunny
2023-01-08 11:00:00+00:00,16.137,12.437,78.712776,Sunny
2023-01-08 12:00:00+00:00,13.787001,11.737,87.44132,Sunny
2023-01-08 13:00:00+00:00,13.437,11.587001,88.57273,Sunny
2023-01-08 14:00:00+00:00,12.887,11.287001,90.00567,Sunny
2023-01-08 15:00:00+00:00,12.187,10.887,91.76638,Sunny
2023-01-08 16:00:00+00:00,11.637,10.437,92.346085,Sunny
2023-01-08 17:00:00+00:00,10.937,9.887,93.23774,Sunny
2023-01-08 18:00:00+00:00,10.337001,9.437,94.151566,Sunny
2023-01-08 19:00:00+00:00,10.237,9.337001,94.14707,Sunny
2023-01-08 20:00:00+00:00,9.987,9.237,95.0916,Sunny
2023-01-08 21:00:00+00:00,9.487,8.937,96.36516,Sunny
2023-01-08 22:00:00+00:00,8.937,8.587001,97.66314,Sunny
2023-01-08 23:00:00+00:00,8.537001,8.237,97.987686,Sunny
2023-01-09 00:00:00+00:00,8.637,8.287001,97.65763,Sunny
2023-01-09 01:00:00+00:00,8.887,8.637,98.32519,Sunny
2023-01-09 02:00:00+00:00,9.587001,9.187,97.34681,Cloudy
2023-01-09 03:00:00+00:00,10.637,9.737,94.16499,Cloudy
2023-01-09 04:00:00+00:00,12.587001,10.637,87.914,Cloudy
2023-01-09 05:00:00+00:00,15.037001,11.787001,80.92175,Sunny
2023-01-09 06:00:00+00:00,17.387,12.437,72.7098,Sunny
2023-01-09 07:00:00+00:00,19.036999,12.587001,66.20517,Sunny
2023-01-09 08:00:00+00:00,19.887,12.437,62.182903,Sunny
2023-01-09 09:00:00+00:00,20.137,12.437,61.227955,Sunny
2023-01-09 10:00:00+00:00,19.487,12.437,63.745785,Sunny
2023-01-09 11:00:00+00:00,16.987,12.537001,75.06383,Sunny
2023-01-09 12:00:00+00:00,14.887,11.387,79.57562,Sunny
2023-01-09 13:00:00+00:00,13.987,11.387,84.34039,Sunny
2023-01-09 14:00:00+00:00,12.887,11.237,89.70807,Sunny
2023-01-09 15:00:00+00:00,12.387,11.037001,91.47482,Sunny
2023-01-09 16:00:00+00:00,11.987,10.787001,92.366295,Sunny
2023-01-09 17:00:00+00:00,11.587001,10.537001,93.27112,Sunny
2023-01-09 18:00:00+00:00,11.137,10.137,93.5602,Sunny
2023-01-09 19:00:00+00:00,10.637,9.787001,94.4811,Sunny
2023-01-09 20:00:00+00:00,10.137,9.437,95.41739,Sunny
2023-01-09 21:00:00+00:00,9.637,9.087001,96.369385,Sunny
2023-01-09 22:00:00+00:00,8.737,8.387,97.65946,Sunny
2023-01-09 23:00:00+00:00,8.587001,8.237,97.65672,Sunny
2023-01-10 00:00:00+00:00,8.087001,7.937,98.98571,Sunny
2023-01-10 01:00:00+00:00,8.437,8.387,99.66183,Cloudy
2023-01-10 02:00:00+00:00,9.387,9.137,98.33176,Cloudy
2023-01-10 03:00:00+00:00,10.187,9.687,96.7087,Cloudy
2023-01-10 04:00:00+00:00,12.037001,10.437,89.94222,Cloudy
2023-01-10 05:00:00+00:00,14.437,11.137,80.57383,Sunny
2023-01-10 06:00:00+00:00,16.536999,11.687,73.03724,Sunny
2023-01-10 07:00:00+00:00,18.087,11.987,67.54523,Sunny
2023-01-10 08:00:00+00:00,18.837,11.987,64.4453,Sunny
2023-01-10 09:00:00+00:00,18.937,11.637,62.582752,Sunny
2023-01-10 10:00:00+00:00,18.387,11.437,63.92245,Sunny
2023-01-10 11:00:00+00:00,16.137,11.937,76.166824,Sunny
2023-01-10 12:00:00+00:00,13.687,11.287001,85.431595,Sunny
2023-01-10 13:00:00+00:00,12.787001,11.037001,89.107414,Sunny
2023-01-10 14:00:00+00:00,12.137,10.787001,91.45881,Sunny
2023-01-10 15:00:00+00:00,11.337001,10.287001,93.25831,Sunny
2023-01-10 16:00:00+00:00,10.387,9.687,95.42624,Sunny
2023-01-10 17:00:00+00:00,9.787001,9.237,96.373634,Sunny
2023-01-10 18:00:00+00:00,9.787001,9.337001,97.02421,Sunny
2023-01-10 19:00:00+00:00,9.687,9.237,97.02189,Sunny
2023-01-10 20:00:00+00:00,9.537001,9.137,97.345764,Sunny
2023-01-10 21:00:00+00:00,9.437,9.037001,97.34369,Sunny
2023-01-10 22:00:00+00:00,9.187,8.787001,97.338486,Sunny
2023-01-10 23:00:00+00:00,8.937,8.637,97.993996,Cloudy
2023-01-11 00:00:00+00:00,9.587001,9.387,98.665535,Cloudy
2023-01-11 01:00:00+00:00,9.937,9.637,98.009674,Cloudy
2023-01-11 02:00:00+00:00,9.937,9.737,98.6692,Cloudy
2023-01-11 03:00:00+00:00,10.287001,9.837001,97.03578,Cloudy
2023-01-11 04:00:00+00:00,11.137,10.687,97.0553,Cloudy
2023-01-11 05:00:00+00:00,13.337001,11.037001,85.96342,Cloudy
2023-01-11 06:00:00+00:00,15.237,11.637,79.10127,Cloudy
2023-01-11 07:00:00+00:00,16.786999,12.237,74.53901,Sunny
2023-01-11 08:00:00+00:00,17.837,12.587001,71.374596,Sunny
2023-01-11 09:00:00+00:00,18.437,12.837001,69.869995,Sunny
2023-01-11 10:00:00+00:00,18.337,12.787001,70.07962,Sunny
2023-01-11 11:00:00+00:00,16.337,12.987,80.566284,Sunny
2023-01-11 12:00:00+00:00,13.687,11.937,89.17962,Sunny
2023-01-11 13:00:00+00:00,12.537001,11.387,92.704185,Sunny
2023-01-11 14:00:00+00:00,11.437,10.637,94.83,Sunny
2023-01-11 15:00:00+00:00,11.037001,10.387,95.768005,Sunny
2023-01-11 16:00:00+00:00,10.737,10.137,96.07874,Sunny
2023-01-11 17:00:00+00:00,10.137,9.687,97.03232,Sunny
2023-01-11 18:00:00+00:00,9.887,9.487,97.35302,Sunny
2023-01-11 19:00:00+00:00,9.337001,9.037001,98.0003,Sunny
2023-01-11 20:00:00+00:00,9.187,8.837001,97.667725,Sunny
2023-01-11 21:00:00+00:00,8.987,8.737,98.3265,Sunny
2023-01-11 22:00:00+00:00,8.887,8.687,98.658165,Sunny
2023-01-11 23:00:00+00:00,9.037001,8.837001,98.659744,Sunny
2023-01-12 00:00:00+00:00,9.087001,9.037001,99.663574,Cloudy
2023-01-12 01:00:00+00:00,9.037001,8.987,99.663445,Cloudy
2023-01-12 02:00:00+00:00,9.237,8.987,98.3298,Cloudy
2023-01-12 03:00:00+00:00,9.837001,9.387,97.02537,Cloudy
2023-01-12 04:00:00+00:00,11.737,10.337001,91.12862,Cloudy
2023-01-12 05:00:00+00:00,14.187,11.537001,84.08455,Sunny
2023-01-12 06:00:00+00:00,16.437,12.287001,76.46602,Sunny
2023-01-12 07:00:00+00:00,18.187,12.537001,69.592995,Sunny
2023-01-12 08:00:00+00:00,19.286999,12.237,63.701424,Sunny
2023-01-12 09:00:00+00:00,19.587,12.187,62.31902,Sunny
2023-01-12 10:00:00+00:00,19.187,12.237,64.099335,Sunny
2023-01-12 11:00:00+00:00,16.737,12.737,77.26938,Sunny
2023-01-12 12:00:00+00:00,13.887,11.287001,84.329155,Sunny
2023-01-12 13:00:00+00:00,13.387,10.987,85.39996,Sunny
2023-01-12 14:00:00+00:00,12.087001,10.337001,89.05078,Sunny
2023-01-12 15:00:00+00:00,10.937,9.587001,91.38129,Sunny
2023-01-12 16:00:00+00:00,10.037001,9.037001,93.50585,Sunny
2023-01-12 17:00:00+00:00,9.287001,8.637,95.7103,Sunny
2023-01-12 18:00:00+00:00,8.937,8.487,97.00438,Sunny
2023-01-12 19:00:00+00:00,8.487,8.137,97.65486,Sunny
2023-01-12 20:00:00+00:00,8.237,7.937,97.9829,Sunny
2023-01-12 21:00:00+00:00,7.787,7.587,98.64643,Sunny
2023-01-12 22:00:00+00:00,7.587,7.487,99.32011,Sunny
2023-01-12 23:00:00+00:00,7.287,7.287,100.0,Sunny
2023-01-13 00:00:00+00:00,8.587001,8.487,99.325485,Cloudy
2023-01-13 01:00:00+00:00,8.787001,8.787001,100.0,Cloudy
2023-01-13 02:00:00+00:00,8.887,8.787001,99.32707,Cloudy
2023-01-13 03:00:00+00:00,10.387,10.087001,98.01668,Cloudy
2023-01-13 04:00:00+00:00,12.187,11.687,96.75928,Cloudy
2023-01-13 05:00:00+00:00,14.687,12.587001,87.237144,Sunny
2023-01-13 06:00:00+00:00,16.987,13.087001,77.81465,Sunny
2023-01-13 07:00:00+00:00,18.687,13.037001,69.69043,Sunny
2023-01-13 08:00:00+00:00,19.687,12.537001,63.373295,Sunny
2023-01-13 09:00:00+00:00,19.987,12.137,60.59265,Sunny
2023-01-13 10:00:00+00:00,19.737,12.437,62.76388,Sunny
2023-01-13 11:00:00+00:00,17.087,13.937,81.7214,Sunny
2023-01-13 12:00:00+00:00,16.437,12.337001,76.7176,Sunny
2023-01-13 13:00:00+00:00,15.987,12.337001,78.94969,Sunny
2023-01-13 14:00:00+00:00,15.137,12.037001,81.738815,Sunny
2023-01-13 15:00:00+00:00,13.187,11.087001,87.09682,Sunny
2023-01-13 16:00:00+00:00,11.837001,10.387,90.83193,Sunny
2023-01-13 17:00:00+00:00,11.037001,10.037001,93.555305,Sunny
2023-01-13 18:00:00+00:00,10.837001,9.987,94.48958,Sunny
2023-01-13 19:00:00+00:00,10.437,9.787001,95.74834,Sunny
2023-01-13 20:00:00+00:00,10.537001,9.937,96.072685,Sunny
2023-01-13 21:00:00+00:00,11.987,10.987,93.60174,Sunny
2023-01-13 22:00:00+00:00,10.287001,9.937,97.68772,Sunny
2023-01-13 23:00:00+00:00,8.737,8.737,100.0,Cloudy
2023-01-14 00:00:00+00:00,9.387,9.387,100.0,Cloudy
2023-01-14 01:00:00+00:00,9.237,9.237,100.0,Cloudy
2023-01-14 02:00:00+00:00,10.087001,9.987,99.33343,Cloudy
2023-01-14 03:00:00+00:00,11.437,11.187,98.35833,Cloudy
2023-01-14 04:00:00+00:00,14.137,12.987,92.79155,Cloudy
2023-01-14 05:00:00+00:00,16.087,13.687,85.68113,Sunny
2023-01-14 06:00:00+00:00,18.887,13.637,71.56943,Sunny
2023-01-14 07:00:00+00:00,20.286999,13.187,63.7144,Sunny
2023-01-14 08:00:00+00:00,21.137,13.037001,59.876125,Sunny
2023-01-14 09:00:00+00:00,21.437,13.037001,58.784904,Sunny
2023-01-14 10:00:00+00:00,21.087,13.187,60.651222,Sunny
2023-01-14 11:00:00+00:00,19.087,13.387,69.541214,Sunny
2023-01-14 12:00:00+00:00,15.837001,12.937,82.90615,Sunny
2023-01-14 13:00:00+00:00,14.687,12.737,88.09867,Sunny
2023-01-14 14:00:00+00:00,14.237,12.287001,88.059456,Sunny
2023-01-14 15:00:00+00:00,14.237,12.087001,86.90889,Sunny
2023-01-14 16:00:00+00:00,13.587001,11.937,89.76133,Sunny
2023-01-14 17:00:00+00:00,13.037001,11.887,92.73165,Sunny
2023-01-14 18:00:00+00:00,13.437,12.337001,93.058685,Sunny
2023-01-14 19:00:00+00:00,12.887,12.037001,94.57521,Sunny
2023-01-14 20:00:00+00:00,12.187,11.537001,95.805275,Sunny
2023-01-14 21:00:00+00:00,11.787001,11.187,96.1104,Sunny
2023-01-14 22:00:00+00:00,11.187,10.687,96.73414,Sunny
2023-01-14 23:00:00+00:00,11.087001,10.537001,96.41,Sunny
2023-01-15 00:00:00+00:00,10.637,10.387,98.34803,Sunny
2023-01-15 01:00:00+00:00,11.187,10.737,97.05644,Sunny
2023-01-15 02:00:00+00:00,12.537001,11.737,94.873314,Sunny
2023-01-15 03:00:00+00:00,14.687,12.837001,88.67718,Sunny
2023-01-15 04:00:00+00:00,16.737,13.787001,82.74526,Sunny
2023-01-15 05:00:00+00:00,18.337,14.487,78.26994,Sunny
2023-01-15 06:00:00+00:00,20.087,14.137,68.61632,Cloudy
2023-01-15 07:00:00+00:00,20.837,13.737,63.835762,Sunny
2023-01-15 08:00:00+00:00,21.036999,12.987,60.048416,Sunny
2023-01-15 09:00:00+00:00,20.937,12.587001,58.85728,Sunny
2023-01-15 10:00:00+00:00,20.337,11.987,58.712826,Sunny
2023-01-15 11:00:00+00:00,18.786999,11.787001,63.8003,Cloudy
2023-01-15 12:00:00+00:00,15.587001,12.337001,80.99502,Sunny
2023-01-15 13:00:00+00:00,14.637,12.187,85.250435,Sunny
2023-01-15 14:00:00+00:00,14.437,11.637,83.28433,Sunny
2023-01-15 15:00:00+00:00,13.487,11.087001,85.41052,Sunny
2023-01-15 16:00:00+00:00,12.537001,10.687,88.496666,Sunny
2023-01-15 17:00:00+00:00,11.587001,10.137,90.81473,Sunny
2023-01-15 18:00:00+00:00,11.087001,9.887,92.31415,Sunny
2023-01-15 19:00:00+00:00,11.037001,9.887,92.62088,Sunny
2023-01-15 20:00:00+00:00,11.087001,10.037001,93.245476,Sunny
2023-01-15 21:00:00+00:00,11.037001,10.137,94.18285,Sunny
2023-01-15 22:00:00+00:00,11.087001,10.137,93.87095,Sunny
2023-01-15 23:00:00+00:00,11.037001,10.037001,93.555305,Sunny
2023-01-16 00:00:00+00:00,9.387,9.087001,98.00107,Sunny
2023-01-16 01:00:00+00:00,9.037001,8.787001,98.327156,Sunny
2023-01-16 02:00:00+00:00,10.637,10.237,97.36844,Sunny
2023-01-16 03:00:00+00:00,12.587001,11.137,90.88327,Sunny
2023-01-16 04:00:00+00:00,14.687,11.837001,83.039856,Sunny
2023-01-16 05:00:00+00:00,16.687,12.037001,74.033165,Sunny
2023-01-16 06:00:00+00:00,18.036999,11.387,65.12633,Sunny
2023-01-16 07:00:00+00:00,18.786999,10.937,60.31011,Sunny
2023-01-16 08:00:00+00:00,19.137,10.437,57.076344,Sunny
2023-01-16 09:00:00+00:00,19.187,10.237,56.144558,Sunny
2023-01-16 10:00:00+00:00,18.737,9.937,56.59691,Sunny
2023-01-16 11:00:00+00:00,17.087,10.087001,63.420216,Sunny
2023-01-16 12:00:00+00:00,13.537001,9.587001,77.02504,Sunny
2023-01-16 13:00:00+00:00,12.987,9.637,80.10597,Sunny
2023-01-16 14:00:00+00:00,12.187,9.687,84.70266,Sunny
2023-01-16 15:00:00+00:00,11.187,8.837001,85.45294,Sunny
2023-01-16 16:00:00+00:00,10.287001,8.337001,87.70687,Sunny
2023-01-16 17:00:00+00:00,9.887,8.137,88.8699,Sunny
2023-01-16 18:00:00+00:00,9.687,8.037001,89.4593,Sunny
2023-01-16 19:00:00+00:00,9.237,7.737,90.342476,Sunny
2023-01-16 20:00:00+00:00,8.887,7.437,90.6258,Sunny
2023-01-16 21:00:00+00:00,8.687,7.387,91.54529,Sunny
2023-01-16 22:00:00+00:00,8.237,7.187,93.096504,Sunny
2023-01-16 23:00:00+00:00,7.787,6.887,94.03547,Sunny
2023-01-17 00:00:00+00:00,7.637,7.087,96.312256,Sunny
2023-01-17 01:00:00+00:00,7.837,7.287,96.31803,Sunny
2023-01-17 02:00:00+00:00,9.737,8.487,91.92326,Sunny
2023-01-17 03:00:00+00:00,12.187,9.687,84.70266,Sunny
2023-01-17 04:00:00+00:00,14.687,10.587001,76.438774,Sunny
2023-01-17 05:00:00+00:00,16.837,11.137,69.09837,Sunny
2023-01-17 06:00:00+00:00,18.286999,10.537001,60.594078,Sunny
2023-01-17 07:00:00+00:00,18.987,10.387,57.420906,Sunny
2023-01-17 08:00:00+00:00,19.536999,9.787001,53.306236,Cloudy
2023-01-17 09:00:00+00:00,19.737,9.187,50.56873,Cloudy
2023-01-17 10:00:00+00:00,19.137,9.687,54.28451,Sunny
2023-01-17 11:00:00+00:00,16.786999,11.837001,72.601685,Sunny
2023-01-17 12:00:00+00:00,13.387,9.487,77.26043,Sunny
2023-01-17 13:00:00+00:00,12.687,9.337001,80.06399,Sunny
2023-01-17 14:00:00+00:00,11.687,9.187,84.64714,Sunny
2023-01-17 15:00:00+00:00,11.187,8.987,86.32229,Sunny
2023-01-17 16:00:00+00:00,10.587001,8.687,88.03129,Sunny
2023-01-17 17:00:00+00:00,9.987,8.287001,89.180145,Sunny
2023-01-17 18:00:00+00:00,9.487,7.887,89.74828,Sunny
2023-01-17 19:00:00+00:00,9.037001,7.587,90.63645,Sunny
2023-01-17 20:00:00+00:00,8.637,7.337,91.54207,Sunny
2023-01-17 21:00:00+00:00,8.487,7.287,92.16049,Sunny
2023-01-17 22:00:00+00:00,8.287001,7.137,92.464424,Sunny
2023-01-17 23:00:00+00:00,7.737,6.787,93.7111,Sunny
2023-01-18 00:00:00+00:00,7.687,6.937,95.003296,Sunny
2023-01-18 01:00:00+00:00,7.087,6.487,95.96569,Sunny
2023-01-18 02:00:00+00:00,9.087001,7.987,92.82547,Sunny
2023-01-18 03:00:00+00:00,11.687,9.287001,85.21879,Sunny
2023-01-18 04:00:00+00:00,14.487,10.637,77.69004,Sunny
2023-01-18 05:00:00+00:00,16.687,11.087001,69.52837,Sunny
2023-01-18 06:00:00+00:00,18.187,10.337001,60.167835,Sunny
2023-01-18 07:00:00+00:00,19.187,9.587001,53.753788,Sunny
2023-01-18 08:00:00+00:00,19.737,9.387,51.25377,Sunny
2023-01-18 09:00:00+00:00,19.887,9.237,50.26956,Sunny
2023-01-18 10:00:00+00:00,19.437,9.187,51.51974,Sunny
2023-01-18 11:00:00+00:00,17.187,10.137,63.23114,Sunny
2023-01-18 12:00:00+00:00,14.087001,9.787001,75.32654,Sunny
2023-01-18 13:00:00+00:00,13.487,9.987,79.37551,Sunny
2023-01-18 14:00:00+00:00,11.887,9.787001,86.973366,Sunny
2023-01-18 15:00:00+00:00,11.837001,9.387,84.948944,Sunny
2023-01-18 16:00:00+00:00,11.237,9.137,86.91098,Sunny
2023-01-18 17:00:00+00:00,10.537001,8.887,89.52624,Sunny
2023-01-18 18:00:00+00:00,10.087001,8.687,91.01766,Sunny
2023-01-18 19:00:00+00:00,11.237,9.237,87.49815,Sunny
2023-01-18 20:00:00+00:00,10.287001,8.837001,90.72448,Sunny
2023-01-18 21:00:00+00:00,8.387,7.887,96.662155,Sunny
2023-01-18 22:00:00+00:00,7.987,7.587,97.3133,Sunny
2023-01-18 23:00:00+00:00,7.537,7.187,97.63725,Sunny
2023-01-19 00:00:00+00:00,8.487,8.037001,96.993805,Sunny
2023-01-19 01:00:00+00:00,8.587001,8.237,97.65672,Sunny
2023-01-19 02:00:00+00:00,9.637,9.187,97.02072,Cloudy
2023-01-19 03:00:00+00:00,12.187,10.587001,89.95345,Sunny
2023-01-19 04:00:00+00:00,15.237,11.887,80.41683,Sunny
2023-01-19 05:00:00+00:00,17.437,11.937,70.13621,Sunny
2023-01-19 06:00:00+00:00,18.837,11.687,63.182976,Sunny
2023-01-19 07:00:00+00:00,19.637,11.537001,59.519833,Sunny
2023-01-19 08:00:00+00:00,20.137,11.387,57.134476,Sunny
2023-01-19 09:00:00+00:00,20.237,11.387,56.782337,Sunny
2023-01-19 10:00:00+00:00,19.737,11.387,58.56772,Sunny
2023-01-19 11:00:00+00:00,17.837,11.837001,67.94051,Sunny
2023-01-19 12:00:00+00:00,15.337001,11.187,76.289696,Sunny
2023-01-19 13:00:00+00:00,15.137,11.237,77.53227,Sunny
2023-01-19 14:00:00+00:00,14.187,11.337001,82.979485,Sunny
2023-01-19 15:00:00+00:00,12.787001,10.937,88.517876,Sunny
2023-01-19 16:00:00+00:00,11.887,10.287001,89.93096,Sunny
2023-01-19 17:00:00+00:00,11.137,9.687,90.78363,Sunny
2023-01-19 18:00:00+00:00,10.687,9.287001,91.05824,Sunny
2023-01-19 19:00:00+00:00,10.337001,9.037001,91.650604,Sunny
2023-01-19 20:00:00+00:00,10.137,8.887,91.94778,Sunny
2023-01-19 21:00:00+00:00,9.687,8.587001,92.858315,Sunny
2023-01-19 22:00:00+00:00,9.137,8.187,93.77865,Sunny
2023-01-19 23:00:00+00:00,8.387,7.637,95.03041,Sunny
2023-01-20 00:00:00+00:00,8.387,7.787,96.006516,Sunny
2023-01-20 01:00:00+00:00,7.987,7.337,95.66667,Sunny
2023-01-20 02:00:00+00:00,10.037001,8.837001,92.25263,Sunny
2023-01-20 03:00:00+00:00,12.737,10.287001,85.046814,Sunny
2023-01-20 04:00:00+00:00,15.737,11.987,78.395546,Sunny
2023-01-20 05:00:00+00:00,18.036999,12.387,69.5637,Sunny
2023-01-20 06:00:00+00:00,19.587,12.137,62.11441,Sunny
2023-01-20 07:00:00+00:00,20.536999,11.937,57.802013,Sunny
2023-01-20 08:00:00+00:00,21.087,11.837001,55.511517,Sunny
2023-01-20 09:00:00+00:00,21.137,11.787001,55.159206,Sunny
2023-01-20 10:00:00+00:00,20.837,11.587001,55.44849,Sunny
2023-01-20 11:00:00+00:00,18.536999,13.637,73.1528,Sunny
2023-01-20 12:00:00+00:00,16.087,11.537001,74.41953,Sunny
2023-01-20 13:00:00+00:00,15.087001,11.487,79.07957,Sunny
2023-01-20 14:00:00+00:00,13.937,11.337001,84.33477,Sunny
2023-01-20 15:00:00+00:00,13.387,10.987,85.39996,Sunny
2023-01-20 16:00:00+00:00,12.187,10.587001,89.95345,Sunny
2023-01-20 17:00:00+00:00,11.637,10.287001,91.42663,Sunny
2023-01-20 18:00:00+00:00,11.187,9.987,92.31997,Sunny
2023-01-20 19:00:00+00:00,10.937,9.787001,92.615265,Sunny
2023-01-20 20:00:00+00:00,10.487,9.387,92.901764,Sunny
2023-01-20 21:00:00+00:00,9.837001,8.937,94.12907,Sunny
2023-01-20 22:00:00+00:00,9.787001,8.937,94.44493,Sunny
2023-01-20 23:00:00+00:00,9.037001,8.387,95.70196,Sunny
2023-01-21 00:00:00+00:00,11.487,9.987,90.50461,Sunny
2023-01-21 01:00:00+00:00,10.637,9.487,92.59841,Sunny
2023-01-21 02:00:00+00:00,11.287001,10.087001,92.32579,Sunny
2023-01-21 03:00:00+00:00,13.787001,11.437,85.72523,Cloudy
2023-01-21 04:00:00+00:00,16.387,12.437,77.46905,Sunny
2023-01-21 05:00:00+00:00,18.587,12.637,68.3163,Sunny
2023-01-21 06:00:00+00:00,20.237,12.287001,60.25413,Sunny
2023-01-21 07:00:00+00:00,21.187,11.887,55.354008,Sunny
2023-01-21 08:00:00+00:00,21.786999,11.537001,52.13924,Sunny
2023-01-21 09:00:00+00:00,21.987,11.337001,50.829754,Sunny
2023-01-21 10:00:00+00:00,21.637,11.537001,52.619392,Sunny
2023-01-21 11:00:00+00:00,19.187,13.137,67.99171,Sunny
2023-01-21 12:00:00+00:00,16.187,12.387,78.20515,Sunny
2023-01-21 13:00:00+00:00,16.637,12.237,75.25225,Sunny
2023-01-21 14:00:00+00:00,17.737,11.987,69.04885,Sunny
2023-01-21 15:00:00+00:00,17.437,11.787001,69.44605,Sunny
2023-01-21 16:00:00+00:00,16.837,11.737,71.89591,Sunny
2023-01-21 17:00:00+00:00,15.687,11.737,77.36112,Sunny
2023-01-21 18:00:00+00:00,14.337001,11.587001,83.54802,Sunny
2023-01-21 19:00:00+00:00,12.787001,10.937,88.517876,Sunny
2023-01-21 20:00:00+00:00,13.437,11.287001,86.83241,Sunny
2023-01-21 21:00:00+00:00,12.787001,11.187,89.99823,Sunny
2023-01-21 22:00:00+00:00,10.637,9.987,95.754906,Sunny
2023-01-21 23:00:00+00:00,10.687,10.037001,95.75655,Sunny
2023-01-22 00:00:00+00:00,9.437,9.237,98.66396,Sunny
2023-01-22 01:00:00+00:00,9.937,9.687,98.33895,Sunny
2023-01-22 02:00:00+00:00,11.487,10.737,95.14794,Sunny
2023-01-22 03:00:00+00:00,14.487,11.787001,83.84175,Sunny
2023-01-22 04:00:00+00:00,17.187,12.937,76.08632,Sunny
2023-01-22 05:00:00+00:00,19.187,13.337001,68.88442,Sunny
2023-01-22 06:00:00+00:00,20.536999,13.537001,64.1861,Sunny
2023-01-22 07:00:00+00:00,21.536999,13.687,60.95378,Sunny
2023-01-22 08:00:00+00:00,22.137,14.087001,60.3065,Sunny
2023-01-22 09:00:00+00:00,22.437,14.437,60.571907,Sunny
2023-01-22 10:00:00+00:00,22.286999,14.487,61.32474,Sunny
2023-01-22 11:00:00+00:00,20.187,16.637,80.053894,Sunny
2023-01-22 12:00:00+00:00,16.737,13.937,83.55478,Sunny
2023-01-22 13:00:00+00:00,16.187,13.587001,84.584755,Sunny
2023-01-22 14:00:00+00:00,15.037001,13.087001,88.12907,Sunny
2023-01-22 15:00:00+00:00,14.937,12.787001,86.97529,Sunny
2023-01-22 16:00:00+00:00,14.137,12.387,89.21547,Sunny
2023-01-22 17:00:00+00:00,12.887,11.737,92.72344,Sunny
2023-01-22 18:00:00+00:00,15.387,12.587001,83.39681,Sunny
2023-01-22 19:00:00+00:00,15.187,12.387,83.37324,Sunny
2023-01-22 20:00:00+00:00,14.237,12.237,87.77056,Sunny
2023-01-22 21:00:00+00:00,12.837001,11.487,91.50356,Sunny
2023-01-22 22:00:00+00:00,10.737,10.087001,95.75818,Sunny
2023-01-22 23:00:00+00:00,10.187,9.587001,96.06202,Sunny
2023-01-23 00:00:00+00:00,10.437,10.437,100.0,Cloudy
2023-01-23 01:00:00+00:00,10.687,10.637,99.6678,Cloudy
2023-01-23 02:00:00+00:00,11.237,11.037001,98.68268,Cloudy
2023-01-23 03:00:00+00:00,14.037001,13.387,95.86426,Cloudy
2023-01-23 04:00:00+00:00,17.036999,14.687,86.0553,Sunny
2023-01-23 05:00:00+00:00,19.437,15.037001,75.71154,Sunny
2023-01-23 06:00:00+00:00,20.937,15.137,69.45124,Sunny
2023-01-23 07:00:00+00:00,21.887,15.187,65.73615,Sunny
2023-01-23 08:00:00+00:00,22.837,14.687,60.081024,Cloudy
2023-01-23 09:00:00+00:00,22.937,14.687,59.718197,Sunny
2023-01-23 10:00:00+00:00,22.837,14.937,61.056557,Sunny
2023-01-23 11:00:00+00:00,20.937,16.587,76.19443,Sunny
2023-01-23 12:00:00+00:00,20.737,14.787001,68.7451,Sunny
2023-01-23 13:00:00+00:00,17.887,14.787001,82.08719,Sunny
2023-01-23 14:00:00+00:00,16.087,14.387,89.65811,Sunny
2023-01-23 15:00:00+00:00,15.337001,13.787001,90.478645,Sunny
2023-01-23 16:00:00+00:00,15.137,13.637,90.75922,Sunny
2023-01-23 17:00:00+00:00,14.787001,13.337001,91.03145,Sunny
2023-01-23 18:00:00+00:00,14.287001,12.737,90.404434,Sunny
2023-01-23 19:00:00+00:00,13.687,12.187,90.659294,Sunny
2023-01-23 20:00:00+00:00,12.987,11.737,92.11925,Sunny
2023-01-23 21:00:00+00:00,12.787001,11.587001,92.41222,Sunny
2023-01-23 22:00:00+00:00,12.587001,11.387,92.40078,Sunny
2023-01-23 23:00:00+00:00,12.387,11.287001,93.003426,Sunny
2023-01-24 00:00:00+00:00,12.587001,11.487,93.014015,Sunny
2023-01-24 01:00:00+00:00,12.837001,11.587001,92.11035,Sunny
2023-01-24 02:00:00+00:00,14.287001,12.187,87.19996,Sunny
2023-01-24 03:00:00+00:00,16.587,13.137,80.07585,Sunny
2023-01-24 04:00:00+00:00,18.987,13.687,71.35567,Sunny
2023-01-24 05:00:00+00:00,21.036999,13.837001,63.466587,Sunny
2023-01-24 06:00:00+00:00,22.387,13.937,58.821102,Sunny
2023-01-24 07:00:00+00:00,23.187,14.087001,56.584187,Sunny
2023-01-24 08:00:00+00:00,23.587,14.187,55.593567,Sunny
2023-01-24 09:00:00+00:00,23.687,13.987,54.548275,Sunny
2023-01-24 10:00:00+00:00,23.536999,13.787001,54.333694,Sunny
2023-01-24 11:00:00+00:00,21.437,16.737,74.599785,Sunny
2023-01-24 12:00:00+00:00,18.637,14.237,75.58155,Sunny
2023-01-24 13:00:00+00:00,19.237,13.737,70.481,Sunny
2023-01-24 14:00:00+00:00,18.887,13.387,70.4144,Sunny
2023-01-24 15:00:00+00:00,16.437,13.387,82.171974,Sunny
2023-01-24 16:00:00+00:00,15.487,13.587001,88.45522,Sunny
2023-01-24 17:00:00+00:00,14.687,12.787001,88.387505,Sunny
2023-01-24 18:00:00+00:00,14.437,12.187,86.35839,Sunny
2023-01-24 19:00:00+00:00,13.787001,11.787001,87.73026,Sunny
2023-01-24 20:00:00+00:00,13.037001,11.387,89.71952,Sunny
2023-01-24 21:00:00+00:00,12.587001,10.987,89.983345,Sunny
2023-01-24 22:00:00+00:00,12.287001,10.687,89.960945,Sunny
2023-01-24 23:00:00+00:00,12.137,10.487,89.65055,Sunny
2023-01-25 00:00:00+00:00,12.237,10.787001,90.85936,Sunny
2023-01-25 01:00:00+00:00,12.187,10.837001,91.462006,Sunny
2023-01-25 02:00:00+00:00,14.037001,11.487,84.62539,Sunny
2023-01-25 03:00:00+00:00,16.987,12.437,74.57299,Sunny
2023-01-25 04:00:00+00:00,19.687,13.437,67.21231,Sunny
2023-01-25 05:00:00+00:00,21.737,13.737,60.408836,Sunny
2023-01-25 06:00:00+00:00,23.137,13.887,56.0242,Sunny
2023-01-25 07:00:00+00:00,23.987,13.987,53.57288,Sunny
2023-01-25 08:00:00+00:00,24.437,14.037001,52.315685,Sunny
2023-01-25 09:00:00+00:00,24.587,13.937,51.513096,Sunny
2023-01-25 10:00:00+00:00,24.387,14.137,52.813644,Sunny
2023-01-25 11:00:00+00:00,23.187,16.087,64.3483,Sunny
2023-01-25 12:00:00+00:00,22.637,14.187,58.880817,Sunny
2023-01-25 13:00:00+00:00,20.536999,14.287001,67.38658,Sunny
2023-01-25 14:00:00+00:00,20.637,14.287001,66.97251,Sunny
2023-01-25 15:00:00+00:00,17.987,14.237,78.72615,Sunny
2023-01-25 16:00:00+00:00,18.536999,13.787001,73.86931,Sunny
2023-01-25 17:00:00+00:00,18.087,13.387,74.03224,Sunny
2023-01-25 18:00:00+00:00,15.137,12.887,86.427315,Sunny
2023-01-25 19:00:00+00:00,14.687,12.437,86.38306,Sunny
2023-01-25 20:00:00+00:00,13.887,12.137,89.19558,Sunny
2023-01-25 21:00:00+00:00,13.237,11.837001,91.22776,Sunny
2023-01-25 22:00:00+00:00,12.987,11.637,91.5131,Sunny
2023-01-25 23:00:00+00:00,12.637,11.337001,91.79419,Sunny
2023-01-26 00:00:00+00:00,12.137,11.187,93.91981,Sunny
2023-01-26 01:00:00+00:00,13.437,11.387,87.40914,Sunny
2023-01-26 02:00:00+00:00,14.587001,11.837001,83.57731,Sunny
2023-01-26 03:00:00+00:00,16.987,12.987,77.30799,Sunny
2023-01-26 04:00:00+00:00,19.737,13.737,68.324394,Sunny
2023-01-26 05:00:00+00:00,21.687,14.837001,65.06263,Sunny
2023-01-26 06:00:00+00:00,23.036999,15.387,62.091198,Sunny
2023-01-26 07:00:00+00:00,24.036999,15.387,58.458992,Sunny
2023-01-26 08:00:00+00:00,24.487,15.437,57.08569,Sunny
2023-01-26 09:00:00+00:00,24.587,15.637,57.476936,Sunny
2023-01-26 10:00:00+00:00,24.337,15.787001,58.906193,Sunny
2023-01-26 11:00:00+00:00,22.887,16.237,66.15667,Sunny
2023-01-26 12:00:00+00:00,20.087,15.337001,74.13501,Sunny
2023-01-26 13:00:00+00:00,19.487,15.237,76.45292,Sunny
2023-01-26 14:00:00+00:00,18.587,15.137,80.34909,Sunny
2023-01-26 15:00:00+00:00,17.237,15.237,88.03436,Sunny
2023-01-26 16:00:00+00:00,16.187,14.837001,91.71299,Sunny
2023-01-26 17:00:00+00:00,15.187,14.287001,94.363304,Sunny
2023-01-26 18:00:00+00:00,14.787001,13.987,94.96025,Sunny
2023-01-26 19:00:00+00:00,14.437,13.737,95.565956,Sunny
2023-01-26 20:00:00+00:00,14.037001,13.487,96.490555,Sunny
2023-01-26 21:00:00+00:00,14.737,13.837001,94.34415,Sunny
2023-01-26 22:00:00+00:00,14.437,13.587001,94.63866,Sunny
2023-01-26 23:00:00+00:00,13.637,13.087001,96.479805,Sunny
2023-01-27 00:00:00+00:00,13.337001,13.237,99.35015,Cloudy
2023-01-27 01:00:00+00:00,13.887,13.837001,99.67601,Cloudy
2023-01-27 02:00:00+00:00,14.887,14.387,96.82576,Cloudy
2023-01-27 03:00:00+00:00,16.387,15.137,92.316826,Sunny
2023-01-27 04:00:00+00:00,18.286999,15.887,85.90446,Cloudy
2023-01-27 05:00:00+00:00,20.237,16.237,77.8015,Sunny
2023-01-27 06:00:00+00:00,22.237,16.137,68.38272,Cloudy
2023-01-27 07:00:00+00:00,23.286999,15.987,63.553818,Cloudy
2023-01-27 08:00:00+00:00,24.087,15.937,60.372005,Sunny
2023-01-27 09:00:00+00:00,24.337,16.087,60.04575,Sunny
2023-01-27 10:00:00+00:00,23.887,16.286999,62.481125,Sunny
2023-01-27 11:00:00+00:00,22.587,16.637,69.10774,Sunny
2023-01-27 12:00:00+00:00,19.887,16.737,82.07376,Sunny
2023-01-27 13:00:00+00:00,18.536999,16.637,88.708046,Sunny
2023-01-27 14:00:00+00:00,17.587,16.137,91.21492,Sunny
2023-01-27 15:00:00+00:00,16.887,15.337001,90.58671,Sunny
2023-01-27 16:00:00+00:00,16.536999,15.037001,90.85421,Sunny
2023-01-27 17:00:00+00:00,15.837001,14.637,92.58357,Sunny
2023-01-27 18:00:00+00:00,15.337001,14.487,94.67498,Sunny
2023-01-27 19:00:00+00:00,15.237,14.537001,95.59281,Sunny
2023-01-27 20:00:00+00:00,15.587001,14.737,94.685,Sunny
2023-01-27 21:00:00+00:00,15.387,14.487,94.37179,Sunny
2023-01-27 22:00:00+00:00,14.687,13.887,94.95643,Sunny
2023-01-27 23:00:00+00:00,14.337001,13.637,95.562584,Sunny
2023-01-28 00:00:00+00:00,14.137,13.587001,96.49325,Sunny
2023-01-28 01:00:00+00:00,13.987,13.487,96.803825,Sunny
2023-01-28 02:00:00+00:00,14.687,13.937,95.26496,Sunny
2023-01-28 03:00:00+00:00,16.637,14.637,87.982285,Sunny
2023-01-28 04:00:00+00:00,18.437,15.337001,82.15572,Sunny
2023-01-28 05:00:00+00:00,20.337,15.887,75.61471,Sunny
2023-01-28 06:00:00+00:00,21.437,16.187,72.03499,Sunny
2023-01-28 07:00:00+00:00,22.437,16.387,68.64047,Sunny
2023-01-28 08:00:00+00:00,23.137,16.337,65.57969,Sunny
2023-01-28 09:00:00+00:00,23.337,16.187,64.175835,Sunny
2023-01-28 10:00:00+00:00,22.937,15.737,63.884426,Sunny
2023-01-28 11:00:00+00:00,21.437,15.837001,70.44351,Sunny
2023-01-28 12:00:00+00:00,17.937,15.087001,83.42484,Sunny
2023-01-28 13:00:00+00:00,16.786999,14.487,86.30864,Sunny
2023-01-28 14:00:00+00:00,15.637,13.987,89.91502,Sunny
2023-01-28 15:00:00+00:00,14.287001,13.187,93.10295,Sunny
2023-01-28 16:00:00+00:00,13.687,12.687,93.68363,Sunny
2023-01-28 17:00:00+00:00,13.937,12.837001,93.08477,Sunny
2023-01-28 18:00:00+00:00,13.737,12.737,93.68601,Sunny
2023-01-28 19:00:00+00:00,13.337001,12.487,94.593735,Sunny
2023-01-28 20:00:00+00:00,12.937,12.137,94.88893,Sunny
2023-01-28 21:00:00+00:00,12.537001,11.887,95.81653,Sunny
2023-01-28 22:00:00+00:00,12.287001,11.687,96.125336,Sunny
2023-01-28 23:00:00+00:00,12.087001,11.587001,96.75678,Sunny
2023-01-29 00:00:00+00:00,11.687,11.387,98.036674,Sunny
2023-01-29 01:00:00+00:00,11.437,11.137,98.03286,Sunny
2023-01-29 02:00:00+00:00,12.837001,12.137,95.511536,Sunny
2023-01-29 03:00:00+00:00,15.437,13.487,88.163635,Sunny
2023-01-29 04:00:00+00:00,18.187,14.537001,79.2655,Sunny
2023-01-29 05:00:00+00:00,20.637,15.487,72.352486,Sunny
2023-01-29 06:00:00+00:00,22.587,15.937,66.09411,Sunny
2023-01-29 07:00:00+00:00,23.837,16.137,62.072994,Sunny
2023-01-29 08:00:00+00:00,24.587,16.237,59.72226,Sunny
2023-01-29 09:00:00+00:00,24.887,16.187,58.47484,Sunny
2023-01-29 10:00:00+00:00,24.737,16.087,58.625824,Sunny
2023-01-29 11:00:00+00:00,22.837,18.536999,76.73233,Sunny
2023-01-29 12:00:00+00:00,19.536999,16.687,83.60974,Sunny
2023-01-29 13:00:00+00:00,18.937,16.337,84.88248,Sunny
2023-01-29 14:00:00+00:00,17.987,15.837001,87.2589,Sunny
2023-01-29 15:00:00+00:00,17.237,15.437,89.17139,Sunny
2023-01-29 16:00:00+00:00,16.487,15.137,91.73134,Sunny
2023-01-29 17:00:00+00:00,16.187,15.087001,93.2004,Sunny
2023-01-29 18:00:00+00:00,15.687,14.737,94.0808,Sunny
2023-01-29 19:00:00+00:00,14.987,14.187,94.96789,Sunny
2023-01-29 20:00:00+00:00,14.537001,13.937,96.19152,Sunny
2023-01-29 21:00:00+00:00,14.337001,13.787001,96.49858,Sunny
2023-01-29 22:00:00+00:00,14.037001,13.487,96.490555,Sunny
2023-01-29 23:00:00+00:00,13.737,13.237,96.79769,Sunny
2023-01-30 00:00:00+00:00,13.437,13.137,98.063126,Cloudy
2023-01-30 01:00:00+00:00,13.187,12.937,98.3805,Cloudy
2023-01-30 02:00:00+00:00,14.687,14.087001,96.19587,Cloudy
2023-01-30 03:00:00+00:00,17.337,15.637,89.75221,Sunny
2023-01-30 04:00:00+00:00,20.587,16.987,79.854996,Sunny
2023-01-30 05:00:00+00:00,22.737,17.437,72.04053,Cloudy
2023-01-30 06:00:00+00:00,24.337,17.387,65.2108,Cloudy
2023-01-30 07:00:00+00:00,25.487,17.137,59.93193,Sunny
2023-01-30 08:00:00+00:00,26.137,16.887,56.76123,Cloudy
2023-01-30 09:00:00+00:00,26.337,16.837,55.916965,Sunny
2023-01-30 10:00:00+00:00,26.087,16.937,57.110016,Sunny
2023-01-30 11:00:00+00:00,23.987,19.536999,76.19561,Sunny
2023-01-30 12:00:00+00:00,20.887,17.387,80.4025,Sunny
2023-01-30 13:00:00+00:00,20.337,17.187,82.12944,Sunny
2023-01-30 14:00:00+00:00,19.587,16.487,82.2978,Sunny
2023-01-30 15:00:00+00:00,18.637,16.137,85.39344,Sunny
2023-01-30 16:00:00+00:00,17.937,15.937,88.09473,Sunny
2023-01-30 17:00:00+00:00,17.437,15.637,89.18714,Sunny
2023-01-30 18:00:00+00:00,16.737,15.187,90.5763,Sunny
2023-01-30 19:00:00+00:00,16.286999,14.937,91.71911,Sunny
2023-01-30 20:00:00+00:00,15.787001,14.587001,92.58084,Sunny
2023-01-30 21:00:00+00:00,15.437,14.387,93.46381,Sunny
2023-01-30 22:00:00+00:00,15.137,14.187,94.056305,Cloudy
2023-01-30 23:00:00+00:00,15.287001,14.287001,93.759285,Cloudy
2023-01-31 00:00:00+00:00,15.887,14.937,94.08969,Cloudy
2023-01-31 01:00:00+00:00,16.637,15.087001,90.56941,Cloudy
2023-01-31 02:00:00+00:00,17.387,15.087001,86.367424,Cloudy
2023-01-31 03:00:00+00:00,17.837,15.237,84.76438,Cloudy
2023-01-31 04:00:00+00:00,18.187,15.237,82.91994,Cloudy
2023-01-31 05:00:00+00:00,18.536999,15.287001,81.38125,Cloudy
2023-01-31 06:00:00+00:00,19.387,15.587001,78.67598,Cloudy
2023-01-31 07:00:00+00:00,20.187,16.036999,77.05329,Cloudy
2023-01-31 08:00:00+00:00,22.737,16.887,69.5768,Sunny
2023-01-31 09:00:00+00:00,24.637,17.087,62.846848,Sunny
2023-01-31 10:00:00+00:00,24.987,16.387,58.872284,Sunny
2023-01-31 11:00:00+00:00,23.237,16.837,67.28901,Sunny
2023-01-31 12:00:00+00:00,19.937,17.036999,83.39107,Sunny
2023-01-31 13:00:00+00:00,19.337,16.587,84.11986,Sunny
2023-01-31 14:00:00+00:00,19.137,16.036999,82.24239,Sunny
2023-01-31 15:00:00+00:00,18.687,15.187,80.10497,Sunny
2023-01-31 16:00:00+00:00,18.286999,14.437,78.26257,Sunny
2023-01-31 17:00:00+00:00,18.036999,13.637,75.483406,Sunny
2023-01-31 18:00:00+00:00,17.487,12.837001,74.17101,Sunny
2023-01-31 19:00:00+00:00,16.786999,12.187,74.29439,Sunny
2023-01-31 20:00:00+00:00,15.837001,11.737,76.62252,Sunny
2023-01-31 21:00:00+00:00,15.137,11.487,78.825836,Sunny
2023-01-31 22:00:00+00:00,14.887,11.487,80.103745,Sunny
2023-01-31 23:00:00+00:00,14.787001,11.837001,82.50628,Sunny
2023-02-01 00:00:00+00:00,14.487,13.037001,91.011444,Sunny
2023-02-01 01:00:00+00:00,14.687,13.387,91.91913,Sunny
2023-02-01 02:00:00+00:00,15.837001,13.887,88.19805,Sunny
2023-02-01 03:00:00+00:00,17.637,14.487,81.791405,Sunny
2023-02-01 04:00:00+00:00,19.387,14.987,75.703445,Sunny
2023-02-01 05:00:00+00:00,20.937,15.437,70.80163,Sunny
2023-02-01 06:00:00+00:00,22.337,15.687,66.04188,Sunny
2023-02-01 07:00:00+00:00,23.387,15.437,60.987053,Sunny
2023-02-01 08:00:00+00:00,23.987,14.637,55.873108,Sunny
2023-02-01 09:00:00+00:00,24.187,12.937,49.4358,Sunny
2023-02-01 10:00:00+00:00,23.786999,11.837001,47.109905,Sunny
2023-02-01 11:00:00+00:00,22.286999,11.937,51.926704,Sunny
2023-02-01 12:00:00+00:00,19.286999,11.987,62.662148,Sunny
2023-02-01 13:00:00+00:00,17.786999,12.087001,69.28644,Sunny
2023-02-01 14:00:00+00:00,16.637,12.037001,74.26865,Sunny
2023-02-01 15:00:00+00:00,15.837001,11.837001,77.12962,Sunny
2023-02-01 16:00:00+00:00,15.237,11.287001,77.29135,Sunny
2023-02-01 17:00:00+00:00,14.587001,10.487,76.42271,Sunny
2023-02-01 18:00:00+00:00,13.787001,9.887,77.322975,Sunny
2023-02-01 19:00:00+00:00,13.287001,9.487,77.76559,Sunny
2023-02-01 20:00:00+00:00,12.587001,9.137,79.51278,Sunny
2023-02-01 21:00:00+00:00,12.137,8.987,81.07373,Sunny
2023-02-01 22:00:00+00:00,11.687,9.087001,84.07888,Sunny
2023-02-01 23:00:00+00:00,11.187,9.387,88.67879,Sunny
2023-02-02 00:00:00+00:00,11.537001,10.987,96.42247,Sunny
2023-02-02 01:00:00+00:00,11.937,11.337001,96.11489,Sunny
2023-02-02 02:00:00+00:00,13.337001,11.987,91.5353,Cloudy
2023-02-02 03:00:00+00:00,15.037001,12.587001,85.29277,Cloudy
2023-02-02 04:00:00+00:00,17.286999,13.187,76.85133,Cloudy
2023-02-02 05:00:00+00:00,19.237,13.537001,69.57043,Sunny
2023-02-02 06:00:00+00:00,20.487,13.887,65.86537,Sunny
2023-02-02 07:00:00+00:00,21.536999,14.187,62.96312,Sunny
2023-02-02 08:00:00+00:00,22.286999,14.187,60.14655,Sunny
2023-02-02 09:00:00+00:00,22.637,14.087001,58.500706,Sunny
2023-02-02 10:00:00+00:00,22.387,14.087001,59.39589,Sunny
2023-02-02 11:00:00+00:00,21.237,14.537001,65.5987,Sunny
2023-02-02 12:00:00+00:00,18.286999,13.987,76.015854,Sunny
2023-02-02 13:00:00+00:00,17.687,13.737,77.66753,Sunny
2023-02-02 14:00:00+00:00,16.687,13.437,81.14037,Sunny
2023-02-02 15:00:00+00:00,15.587001,13.337001,86.471344,Sunny
2023-02-02 16:00:00+00:00,14.887,13.137,89.27481,Sunny
2023-02-02 17:00:00+00:00,14.187,12.787001,91.289696,Sunny
2023-02-02 18:00:00+00:00,13.337001,12.237,93.05345,Sunny
2023-02-02 19:00:00+00:00,12.837001,11.787001,93.334595,Sunny
2023-02-02 20:00:00+00:00,12.787001,11.737,93.33207,Sunny
2023-02-02 21:00:00+00:00,12.537001,11.487,93.31944,Sunny
2023-02-02 22:00:00+00:00,12.237,11.287001,93.92443,Sunny
2023-02-02 23:00:00+00:00,12.087001,11.237,94.54202,Sunny
2023-02-03 00:00:00+00:00,11.837001,11.187,95.79399,Sunny
2023-02-03 01:00:00+00:00,11.687,11.137,96.426605,Sunny
2023-02-03 02:00:00+00:00,13.237,12.037001,92.43788,Sunny
2023-02-03 03:00:00+00:00,15.487,12.987,85.061874,Sunny
2023-02-03 04:00:00+00:00,18.137,14.087001,77.23384,Sunny
2023-02-03 05:00:00+00:00,20.587,14.637,68.71545,Sunny
2023-02-03 06:00:00+00:00,22.337,14.437,60.94131,Sunny
2023-02-03 07:00:00+00:00,23.487,14.287001,56.29281,Sunny
2023-02-03 08:00:00+00:00,24.087,14.287001,54.29691,Sunny
2023-02-03 09:00:00+00:00,24.187,14.237,53.79775,Sunny
2023-02-03 10:00:00+00:00,23.737,13.987,54.384327,Sunny
2023-02-03 11:00:00+00:00,22.187,14.537001,61.898697,Sunny
2023-02-03 12:00:00+00:00,19.187,14.087001,72.32466,Sunny
2023-02-03 13:00:00+00:00,18.637,13.887,73.88657,Sunny
2023-02-03 14:00:00+00:00,17.987,13.887,76.960655,Sunny
2023-02-03 15:00:00+00:00,17.487,13.837001,79.16576,Sunny
2023-02-03 16:00:00+00:00,16.637,13.887,83.81472,Sunny
2023-02-03 17:00:00+00:00,15.887,13.887,87.91671,Sunny
2023-02-03 18:00:00+00:00,15.337001,13.687,89.89274,Sunny
2023-02-03 19:00:00+00:00,14.787001,13.437,91.62641,Sunny
2023-02-03 20:00:00+00:00,14.337001,13.187,92.802345,Sunny
2023-02-03 21:00:00+00:00,13.787001,12.837001,93.99544,Sunny
2023-02-03 22:00:00+00:00,13.287001,12.487,94.90254,Sunny
2023-02-03 23:00:00+00:00,13.087001,12.387,95.5201,Sunny
2023-02-04 00:00:00+00:00,12.437,12.037001,97.404945,Sunny
2023-02-04 01:00:00+00:00,11.687,11.437,98.36151,Sunny
2023-02-04 02:00:00+00:00,13.737,12.837001,94.30121,Sunny
2023-02-04 03:00:00+00:00,15.887,13.787001,87.34783,Sunny
2023-02-04 04:00:00+00:00,18.036999,14.687,80.794075,Sunny
2023-02-04 05:00:00+00:00,20.137,15.437,74.38162,Sunny
2023-02-04 06:00:00+00:00,21.837,15.737,68.30328,Sunny
2023-02-04 07:00:00+00:00,23.087,15.687,63.10494,Sunny
2023-02-04 08:00:00+00:00,23.837,15.637,60.121323,Sunny
2023-02-04 09:00:00+00:00,24.036999,15.287001,58.0851,Sunny
2023-02-04 10:00:00+00:00,23.737,14.987,58.012917,Sunny
2023-02-04 11:00:00+00:00,22.437,15.337001,64.18578,Sunny
2023-02-04 12:00:00+00:00,19.387,14.537001,73.53934,Sunny
2023-02-04 13:00:00+00:00,18.536999,14.387,76.79748,Sunny
2023-02-04 14:00:00+00:00,17.587,14.137,80.21315,Sunny
2023-02-04 15:00:00+00:00,16.487,14.037001,85.44481,Sunny
2023-02-04 16:00:00+00:00,15.737,13.937,89.052246,Sunny
2023-02-04 17:00:00+00:00,15.037001,13.687,91.64195,Sunny
2023-02-04 18:00:00+00:00,14.487,13.387,93.113304,Sunny
2023-02-04 19:00:00+00:00,14.187,13.187,93.70741,Sunny
2023-02-04 20:00:00+00:00,14.187,13.237,94.01355,Sunny
2023-02-04 21:00:00+00:00,13.837001,13.037001,94.923805,Sunny
2023-02-04 22:00:00+00:00,13.337001,12.687,95.84209,Sunny
2023-02-04 23:00:00+00:00,13.037001,12.487,96.463554,Sunny
2023-02-05 00:00:00+00:00,12.437,12.137,98.04809,Sunny
2023-02-05 01:00:00+00:00,12.787001,12.387,97.41196,Sunny
2023-02-05 02:00:00+00:00,14.137,13.237,94.318436,Sunny
2023-02-05 03:00:00+00:00,16.237,14.137,87.37984,Sunny
2023-02-05 04:00:00+00:00,18.286999,14.987,81.08773,Sunny
2023-02-05 05:00:00+00:00,20.337,15.587001,74.1775,Sunny
2023-02-05 06:00:00+00:00,22.137,15.687,66.850815,Sunny
2023-02-05 07:00:00+00:00,23.437,14.887,58.69215,Sunny
2023-02-05 08:00:00+00:00,24.187,14.187,53.623928,Sunny
2023-02-05 09:00:00+00:00,24.437,13.737,51.307083,Sunny
2023-02-05 10:00:00+00:00,24.087,13.137,50.387344,Sunny
2023-02-05 11:00:00+00:00,22.737,13.737,56.84137,Sunny
2023-02-05 12:00:00+00:00,18.786999,14.287001,75.11867,Sunny
2023-02-05 13:00:00+00:00,17.937,14.087001,78.21071,Sunny
2023-02-05 14:00:00+00:00,16.687,13.837001,83.278275,Sunny
2023-02-05 15:00:00+00:00,15.937,13.687,86.50545,Sunny
2023-02-05 16:00:00+00:00,15.287001,13.487,89.01611,Sunny
2023-02-05 17:00:00+00:00,15.237,13.337001,88.43412,Sunny
2023-02-05 18:00:00+00:00,14.587001,13.137,91.018105,Sunny
2023-02-05 19:00:00+00:00,13.737,12.787001,93.993164,Sunny
2023-02-05 20:00:00+00:00,13.437,12.687,95.21976,Sunny
2023-02-05 21:00:00+00:00,13.337001,12.587001,95.2161,Sunny
2023-02-05 22:00:00+00:00,13.537001,12.687,94.60196,Sunny
2023-02-05 23:00:00+00:00,13.387,12.587001,94.90641,Sunny
2023-02-06 00:00:00+00:00,12.587001,12.087001,96.76926,Sunny
2023-02-06 01:00:00+00:00,12.837001,12.337001,96.775475,Sunny
2023-02-06 02:00:00+00:00,13.837001,13.087001,95.2343,Sunny
2023-02-06 03:00:00+00:00,16.237,14.337001,88.51815,Sunny
2023-02-06 04:00:00+00:00,18.587,15.437,81.91137,Sunny
2023-02-06 05:00:00+00:00,20.687,15.987,74.474236,Sunny
2023-02-06 06:00:00+00:00,22.387,15.837001,66.47607,Sunny
2023-02-06 07:00:00+00:00,23.487,15.387,60.426197,Sunny
2023-02-06 08:00:00+00:00,24.137,14.737,55.730423,Sunny
2023-02-06 09:00:00+00:00,24.437,13.637,50.974705,Sunny
2023-02-06 10:00:00+00:00,24.237,12.787001,48.806534,Sunny
2023-02-06 11:00:00+00:00,22.987,12.687,52.28046,Sunny
2023-02-06 12:00:00+00:00,19.237,12.087001,63.272694,Sunny
2023-02-06 13:00:00+00:00,18.036999,11.937,67.534966,Sunny
2023-02-06 14:00:00+00:00,17.187,11.787001,70.55193,Sunny
2023-02-06 15:00:00+00:00,15.687,11.887,78.13023,Sunny
2023-02-06 16:00:00+00:00,15.087001,11.737,80.396324,Sunny
2023-02-06 17:00:00+00:00,14.537001,11.587001,82.47529,Sunny
2023-02-06 18:00:00+00:00,14.287001,11.337001,82.44422,Sunny
2023-02-06 19:00:00+00:00,14.287001,11.087001,81.08971,Sunny
2023-02-06 20:00:00+00:00,14.087001,11.037001,81.874435,Sunny
2023-02-06 21:00:00+00:00,13.437,11.187,86.25904,Sunny
2023-02-06 22:00:00+00:00,12.287001,10.787001,90.56129,Sunny
2023-02-06 23:00:00+00:00,12.687,10.687,87.63091,Sunny
2023-02-07 00:00:00+00:00,11.637,10.537001,92.96356,Sunny
2023-02-07 01:00:00+00:00,12.087001,10.737,91.45562,Sunny
2023-02-07 02:00:00+00:00,13.637,11.637,87.71678,Sunny
2023-02-07 03:00:00+00:00,16.337,12.887,80.04131,Sunny
2023-02-07 04:00:00+00:00,18.837,13.487,71.09606,Sunny
2023-02-07 05:00:00+00:00,20.837,13.787001,64.04342,Sunny
2023-02-07 06:00:00+00:00,22.387,13.937,58.821102,Sunny
2023-02-07 07:00:00+00:00,23.536999,13.537001,53.457836,Sunny
2023-02-07 08:00:00+00:00,24.237,13.487,51.088253,Sunny
2023-02-07 09:00:00+00:00,24.587,13.637,50.519196,Sunny
2023-02-07 10:00:00+00:00,24.687,13.137,48.608707,Sunny
2023-02-07 11:00:00+00:00,23.637,13.637,53.483437,Sunny
2023-02-07 12:00:00+00:00,19.937,13.587001,66.82779,Sunny
2023-02-07 13:00:00+00:00,18.637,13.837001,73.64719,Sunny
2023-02-07 14:00:00+00:00,18.286999,13.737,74.79237,Sunny
2023-02-07 15:00:00+00:00,17.087,13.587001,79.88451,Sunny
2023-02-07 16:00:00+00:00,16.286999,13.487,83.50238,Sunny
2023-02-07 17:00:00+00:00,16.237,13.587001,84.31564,Sunny
2023-02-07 18:00:00+00:00,15.487,13.137,85.89928,Sunny
2023-02-07 19:00:00+00:00,14.987,12.887,87.26496,Sunny
2023-02-07 20:00:00+00:00,14.287001,12.637,89.8142,Sunny
2023-02-07 21:00:00+00:00,13.837001,12.537001,91.867676,Sunny
2023-02-07 22:00:00+00:00,13.437,12.387,93.364746,Sunny
2023-02-07 23:00:00+00:00,12.687,11.887,94.879166,Sunny
2023-02-08 00:00:00+00:00,12.637,11.987,95.81975,Sunny
2023-02-08 01:00:00+00:00,12.887,12.187,95.51325,Sunny
2023-02-08 02:00:00+00:00,14.487,12.887,90.12351,Sunny
2023-02-08 03:00:00+00:00,17.137,14.037001,81.99314,Sunny
2023-02-08 04:00:00+00:00,19.937,14.637,71.53135,Sunny
2023-02-08 05:00:00+00:00,21.937,15.087001,65.1161,Sunny
2023-02-08 06:00:00+00:00,23.387,15.337001,60.597137,Sunny
2023-02-08 07:00:00+00:00,24.437,15.037001,55.80485,Sunny
2023-02-08 08:00:00+00:00,24.786999,14.837001,53.95011,Sunny
2023-02-08 09:00:00+00:00,25.036999,14.737,52.809986,Sunny
2023-02-08 10:00:00+00:00,24.737,14.587001,53.24622,Sunny
2023-02-08 11:00:00+00:00,23.687,15.587001,60.472572,Sunny
2023-02-08 12:00:00+00:00,20.337,15.187,72.298584,Sunny
2023-02-08 13:00:00+00:00,19.137,15.037001,77.13868,Sunny
2023-02-08 14:00:00+00:00,18.536999,15.137,80.60096,Sunny
2023-02-08 15:00:00+00:00,17.887,14.937,82.88401,Sunny
2023-02-08 16:00:00+00:00,17.237,14.637,84.6994,Sunny
2023-02-08 17:00:00+00:00,16.786999,14.387,85.752754,Sunny
2023-02-08 18:00:00+00:00,15.187,13.737,91.058,Sunny
2023-02-08 19:00:00+00:00,14.437,13.487,94.02484,Sunny
2023-02-08 20:00:00+00:00,14.187,13.337001,94.628494,Sunny
2023-02-08 21:00:00+00:00,13.787001,12.887,94.30337,Sunny
2023-02-08 22:00:00+00:00,14.087001,13.037001,93.39718,Sunny
2023-02-08 23:00:00+00:00,13.487,12.637,94.59989,Sunny
2023-02-09 00:00:00+00:00,13.887,13.137,95.23611,Sunny
2023-02-09 01:00:00+00:00,14.187,13.437,95.24696,Sunny
2023-02-09 02:00:00+00:00,15.337001,14.037001,91.95815,Sunny
2023-02-09 03:00:00+00:00,17.237,14.487,83.88324,Sunny
2023-02-09 04:00:00+00:00,18.987,14.887,77.11555,Sunny
2023-02-09 05:00:00+00:00,20.737,15.037001,69.86045,Cloudy
2023-02-09 06:00:00+00:00,22.187,14.587001,62.098812,Cloudy
2023-02-09 07:00:00+00:00,23.137,14.387,57.868107,Cloudy
2023-02-09 08:00:00+00:00,23.887,13.837001,53.373867,Sunny
2023-02-09 09:00:00+00:00,24.387,13.237,49.813,Sunny
2023-02-09 10:00:00+00:00,24.187,12.587001,48.315994,Sunny
2023-02-09 11:00:00+00:00,22.687,13.187,55.00855,Sunny
2023-02-09 12:00:00+00:00,22.187,12.087001,52.762325,Sunny
2023-02-09 13:00:00+00:00,20.987,11.737,55.48632,Sunny
2023-02-09 14:00:00+00:00,19.937,11.337001,57.655003,Sunny
2023-02-09 15:00:00+00:00,15.687,11.487,76.09408,Sunny
2023-02-09 16:00:00+00:00,16.187,11.337001,72.97465,Sunny
2023-02-09 17:00:00+00:00,16.937,11.387,69.80814,Sunny
2023-02-09 18:00:00+00:00,14.487,11.937,84.67497,Sunny
2023-02-09 19:00:00+00:00,13.387,12.087001,91.84023,Sunny
2023-02-09 20:00:00+00:00,13.437,12.387,93.364746,Sunny
2023-02-09 21:00:00+00:00,12.537001,11.837001,95.501205,Sunny
2023-02-09 22:00:00+00:00,12.387,11.837001,96.44582,Sunny
2023-02-09 23:00:00+00:00,12.487,11.887,96.13128,Sunny
2023-02-10 00:00:00+00:00,13.287001,13.187,99.349915,Cloudy
2023-02-10 01:00:00+00:00,13.987,13.887,99.35344,Cloudy
2023-02-10 02:00:00+00:00,14.987,14.287001,95.58445,Cloudy
2023-02-10 03:00:00+00:00,16.937,14.887,87.72554,Sunny
2023-02-10 04:00:00+00:00,19.487,15.137,75.963356,Sunny
2023-02-10 05:00:00+00:00,21.286999,15.387,69.074745,Sunny
2023-02-10 06:00:00+00:00,22.637,15.087001,62.400818,Sunny
2023-02-10 07:00:00+00:00,23.587,14.387,56.3175,Sunny
2023-02-10 08:00:00+00:00,24.237,14.037001,52.94638,Sunny
2023-02-10 09:00:00+00:00,24.437,13.087001,49.180294,Sunny
2023-02-10 10:00:00+00:00,24.187,12.887,49.274445,Sunny
2023-02-10 11:00:00+00:00,23.286999,13.587001,54.447113,Sunny
2023-02-10 12:00:00+00:00,20.587,13.837001,65.24843,Sunny
2023-02-10 13:00:00+00:00,21.137,13.537001,61.860115,Sunny
2023-02-10 14:00:00+00:00,20.786999,13.487,62.999863,Sunny
2023-02-10 15:00:00+00:00,19.687,13.637,68.0927,Sunny
2023-02-10 16:00:00+00:00,19.036999,13.687,71.133484,Sunny
2023-02-10 17:00:00+00:00,18.536999,13.687,73.39095,Sunny
2023-02-10 18:00:00+00:00,17.637,13.687,77.65995,Sunny
2023-02-10 19:00:00+00:00,14.187,12.837001,91.588875,Sunny
2023-02-10 20:00:00+00:00,13.987,12.787001,92.48034,Sunny
2023-02-10 21:00:00+00:00,13.387,12.387,93.6693,Sunny
2023-02-10 22:00:00+00:00,13.437,12.487,93.97951,Sunny
2023-02-10 23:00:00+00:00,13.287001,12.437,94.5917,Sunny
2023-02-11 00:00:00+00:00,13.137,12.637,96.782906,Sunny
2023-02-11 01:00:00+00:00,13.287001,12.737,96.47034,Sunny
2023-02-11 02:00:00+00:00,15.037001,13.537001,90.752365,Sunny
2023-02-11 03:00:00+00:00,17.536999,14.637,83.109665,Sunny
2023-02-11 04:00:00+00:00,19.987,15.387,74.834915,Sunny
2023-02-11 05:00:00+00:00,21.786999,15.837001,68.95167,Sunny
2023-02-11 06:00:00+00:00,23.137,15.587001,62.512978,Sunny
2023-02-11 07:00:00+00:00,24.087,15.387,58.283745,Sunny
2023-02-11 08:00:00+00:00,24.587,15.237,56.021614,Sunny
2023-02-11 09:00:00+00:00,24.786999,15.137,55.00155,Sunny
2023-02-11 10:00:00+00:00,24.737,15.037001,54.812523,Sunny
2023-02-11 11:00:00+00:00,23.687,17.437,68.021545,Sunny
2023-02-11 12:00:00+00:00,23.737,15.237,58.95267,Sunny
2023-02-11 13:00:00+00:00,21.137,15.437,69.937164,Sunny
2023-02-11 14:00:00+00:00,19.137,15.537001,79.65461,Sunny
2023-02-11 15:00:00+00:00,17.337,15.337001,88.04303,Sunny
2023-02-11 16:00:00+00:00,17.887,14.987,83.15113,Sunny
2023-02-11 17:00:00+00:00,18.237,14.687,79.78568,Sunny
2023-02-11 18:00:00+00:00,15.437,13.937,90.77969,Sunny
2023-02-11 19:00:00+00:00,14.687,13.637,93.42691,Sunny
2023-02-11 20:00:00+00:00,14.187,13.287001,94.32057,Sunny
2023-02-11 21:00:00+00:00,14.137,13.237,94.318436,Sunny
2023-02-11 22:00:00+00:00,13.787001,12.987,94.92188,Sunny
2023-02-11 23:00:00+00:00,13.887,12.937,93.99998,Sunny
2023-02-12 00:00:00+00:00,13.287001,13.287001,100.0,Cloudy
2023-02-12 01:00:00+00:00,13.737,13.737,100.0,Cloudy
2023-02-12 02:00:00+00:00,14.587001,14.337001,98.39792,Cloudy
2023-02-12 03:00:00+00:00,16.387,15.337001,93.51012,Cloudy
2023-02-12 04:00:00+00:00,19.187,16.337,83.56954,Sunny
2023-02-12 05:00:00+00:00,21.637,17.087,75.345604,Sunny
2023-02-12 06:00:00+00:00,24.087,16.587,62.924522,Cloudy
2023-02-12 07:00:00+00:00,25.187,16.137,57.255672,Sunny
2023-02-12 08:00:00+00:00,26.187,15.037001,50.287838,Sunny
2023-02-12 09:00:00+00:00,26.837,10.937,37.021416,Sunny
2023-02-12 10:00:00+00:00,26.286999,9.637,35.062634,Sunny
2023-02-12 11:00:00+00:00,24.937,10.187,39.41241,Sunny
2023-02-12 12:00:00+00:00,23.937,7.637,35.229275,Sunny
2023-02-12 13:00:00+00:00,22.987,6.087,33.543972,Sunny
2023-02-12 14:00:00+00:00,22.036999,5.037,33.042305,Sunny
2023-02-12 15:00:00+00:00,20.887,4.437,33.999214,Sunny
2023-02-12 16:00:00+00:00,20.187,3.137,32.397907,Sunny
2023-02-12 17:00:00+00:00,19.437,1.587,30.396912,Sunny
2023-02-12 18:00:00+00:00,18.786999,0.187,28.61885,Sunny
2023-02-12 19:00:00+00:00,18.137,-0.213,28.95583,Sunny
2023-02-12 20:00:00+00:00,17.337,0.037,31.009884,Sunny
2023-02-12 21:00:00+00:00,16.786999,0.237,32.57737,Sunny
2023-02-12 22:00:00+00:00,16.036999,0.387,34.54262,Sunny
2023-02-12 23:00:00+00:00,15.037001,0.587,37.36393,Sunny
2023-02-13 00:00:00+00:00,14.587001,2.737,44.858166,Sunny
2023-02-13 01:00:00+00:00,14.187,2.987,46.85565,Sunny
2023-02-13 02:00:00+00:00,15.137,4.587,49.31821,Sunny
2023-02-13 03:00:00+00:00,17.187,6.037,47.86057,Sunny
2023-02-13 04:00:00+00:00,19.036999,6.387,43.65102,Sunny
2023-02-13 05:00:00+00:00,20.536999,6.337,39.637135,Sunny
2023-02-13 06:00:00+00:00,21.536999,6.287,37.147495,Sunny
2023-02-13 07:00:00+00:00,22.286999,6.537,36.101738,Sunny
2023-02-13 08:00:00+00:00,22.687,6.787,35.845345,Sunny
2023-02-13 09:00:00+00:00,22.786999,6.987,36.120663,Sunny
2023-02-13 10:00:00+00:00,22.487,7.087,37.03712,Sunny
2023-02-13 11:00:00+00:00,21.187,8.287001,43.51306,Sunny
2023-02-13 12:00:00+00:00,18.837,9.137,53.302795,Sunny
2023-02-13 13:00:00+00:00,16.737,9.337001,61.662712,Sunny
2023-02-13 14:00:00+00:00,17.137,8.687,57.54123,Sunny
2023-02-13 15:00:00+00:00,18.337,7.887,50.534744,Sunny
2023-02-13 16:00:00+00:00,14.187,8.737,69.73476,Sunny
2023-02-13 17:00:00+00:00,13.737,9.187,74.0127,Sunny
2023-02-13 18:00:00+00:00,12.587001,9.237,80.04998,Sunny
2023-02-13 19:00:00+00:00,12.487,8.937,78.964096,Sunny
2023-02-13 20:00:00+00:00,12.187,8.437,77.85886,Sunny
2023-02-13 21:00:00+00:00,11.787001,8.137,78.32742,Sunny
2023-02-13 22:00:00+00:00,11.437,7.937,79.077415,Sunny
2023-02-13 23:00:00+00:00,10.937,7.837,81.18761,Sunny
2023-02-14 00:00:00+00:00,10.737,8.487,85.9855,Sunny
2023-02-14 01:00:00+00:00,10.787001,8.687,86.867546,Sunny
2023-02-14 02:00:00+00:00,13.387,9.237,75.972565,Sunny
2023-02-14 03:00:00+00:00,15.787001,10.137,69.11932,Sunny
2023-02-14 04:00:00+00:00,18.237,10.737,61.59908,Sunny
2023-02-14 05:00:00+00:00,20.337,10.887,54.59248,Sunny
2023-02-14 06:00:00+00:00,21.786999,10.637,49.117798,Sunny
2023-02-14 07:00:00+00:00,22.837,10.187,44.716183,Sunny
2023-02-14 08:00:00+00:00,23.437,9.637,41.56419,Sunny
2023-02-14 09:00:00+00:00,23.637,9.487,40.65466,Sunny
2023-02-14 10:00:00+00:00,23.387,9.587001,41.550117,Sunny
2023-02-14 11:00:00+00:00,22.087,12.887,55.9452,Sunny
2023-02-14 12:00:00+00:00,19.786999,10.687,55.73642,Sunny
2023-02-14 13:00:00+00:00,18.536999,10.487,59.453796,Sunny
2023-02-14 14:00:00+00:00,16.637,10.437,66.798874,Sunny
2023-02-14 15:00:00+00:00,15.787001,10.437,70.517365,Sunny
2023-02-14 16:00:00+00:00,15.987,10.487,69.85442,Sunny
2023-02-14 17:00:00+00:00,13.987,10.637,80.24501,Sunny
2023-02-14 18:00:00+00:00,13.387,10.537001,82.882256,Sunny
2023-02-14 19:00:00+00:00,12.887,10.387,84.7799,Sunny
2023-02-14 20:00:00+00:00,12.787001,10.437,85.62139,Sunny
2023-02-14 21:00:00+00:00,12.887,10.237,83.935455,Sunny
2023-02-14 22:00:00+00:00,11.687,9.937,89.01821,Sunny
2023-02-14 23:00:00+00:00,11.337001,9.587001,88.9896,Sunny
2023-02-15 00:00:00+00:00,11.637,10.087001,90.21327,Sunny
2023-02-15 01:00:00+00:00,11.637,10.237,91.121956,Sunny
2023-02-15 02:00:00+00:00,13.987,11.237,83.50689,Sunny
2023-02-15 03:00:00+00:00,17.286999,12.687,74.37991,Sunny
2023-02-15 04:00:00+00:00,19.887,13.037001,64.67442,Sunny
2023-02-15 05:00:00+00:00,22.087,12.787001,55.580376,Sunny
2023-02-15 06:00:00+00:00,23.687,12.237,48.658993,Sunny
2023-02-15 07:00:00+00:00,24.687,12.037001,45.22699,Sunny
2023-02-15 08:00:00+00:00,25.286999,11.887,43.208447,Sunny
2023-02-15 09:00:00+00:00,25.587,11.787001,42.165966,Sunny
2023-02-15 10:00:00+00:00,25.387,11.837001,42.810883,Sunny
2023-02-15 11:00:00+00:00,24.036999,14.387,54.813477,Sunny
2023-02-15 12:00:00+00:00,21.137,12.287001,57.00516,Sunny
2023-02-15 13:00:00+00:00,19.536999,12.437,63.548042,Sunny
2023-02-15 14:00:00+00:00,18.087,12.537001,70.03139,Sunny
2023-02-15 15:00:00+00:00,17.036999,12.437,74.3372,Sunny
2023-02-15 16:00:00+00:00,16.237,12.387,77.95633,Sunny
2023-02-15 17:00:00+00:00,15.737,12.187,79.43421,Sunny
2023-02-15 18:00:00+00:00,15.437,12.137,80.70923,Sunny
2023-02-15 19:00:00+00:00,14.987,12.087001,82.80308,Sunny
2023-02-15 20:00:00+00:00,15.687,11.987,78.64673,Sunny
2023-02-15 21:00:00+00:00,13.387,11.837001,90.340126,Sunny
2023-02-15 22:00:00+00:00,13.037001,11.587001,90.913864,Sunny
2023-02-15 23:00:00+00:00,13.137,11.437,89.43092,Sunny
2023-02-16 00:00:00+00:00,12.937,11.437,90.60697,Sunny
2023-02-16 01:00:00+00:00,13.187,11.637,90.32575,Sunny
2023-02-16 02:00:00+00:00,15.687,12.337001,80.47818,Sunny
2023-02-16 03:00:00+00:00,18.687,13.737,72.941986,Sunny
2023-02-16 04:00:00+00:00,21.337,14.187,63.739017,Sunny
2023-02-16 05:00:00+00:00,23.786999,13.787001,53.521797,Sunny
2023-02-16 06:00:00+00:00,25.437,13.487,47.556606,Sunny
2023-02-16 07:00:00+00:00,26.387,13.287001,44.37313,Sunny
2023-02-16 08:00:00+00:00,26.987,12.987,42.002327,Sunny
2023-02-16 09:00:00+00:00,27.237,12.837001,40.986534,Sunny
2023-02-16 10:00:00+00:00,27.137,12.887,41.362743,Sunny
2023-02-16 11:00:00+00:00,26.187,16.437,54.99914,Sunny
2023-02-16 12:00:00+00:00,21.887,15.287001,66.159645,Sunny
2023-02-16 13:00:00+00:00,21.137,14.037001,63.901745,Sunny
2023-02-16 14:00:00+00:00,19.536999,13.787001,69.40307,Sunny
2023-02-16 15:00:00+00:00,19.286999,13.787001,70.49051,Sunny
2023-02-16 16:00:00+00:00,18.437,13.887,74.817505,Sunny
2023-02-16 17:00:00+00:00,18.237,14.087001,76.75053,Sunny
2023-02-16 18:00:00+00:00,17.837,14.137,78.959656,Sunny
2023-02-16 19:00:00+00:00,17.087,14.087001,82.51996,Sunny
2023-02-16 20:00:00+00:00,16.387,13.937,85.43441,Sunny
2023-02-16 21:00:00+00:00,16.337,13.837001,85.152405,Sunny
2023-02-16 22:00:00+00:00,15.437,13.637,89.02818,Sunny
2023-02-16 23:00:00+00:00,14.687,13.237,91.02477,Sunny
2023-02-17 00:00:00+00:00,14.737,13.737,93.73344,Sunny
2023-02-17 01:00:00+00:00,15.087001,13.487,90.16716,Sunny
2023-02-17 02:00:00+00:00,17.536999,13.687,78.15123,Sunny
2023-02-17 03:00:00+00:00,20.536999,14.987,70.49952,Sunny
2023-02-17 04:00:00+00:00,22.987,16.036999,64.92394,Sunny
2023-02-17 05:00:00+00:00,25.087,16.237,57.96604,Sunny
2023-02-17 06:00:00+00:00,26.536999,15.937,52.184628,Sunny
2023-02-17 07:00:00+00:00,27.587,15.887,48.90807,Sunny
2023-02-17 08:00:00+00:00,28.237,14.837001,44.020523,Sunny
2023-02-17 09:00:00+00:00,28.437,13.987,41.18565,Sunny
2023-02-17 10:00:00+00:00,28.187,14.137,42.197216,Sunny
2023-02-17 11:00:00+00:00,26.737,21.036999,70.9833,Sunny
2023-02-17 12:00:00+00:00,26.487,14.387,47.377323,Sunny
2023-02-17 13:00:00+00:00,22.187,15.037001,63.92553,Sunny
2023-02-17 14:00:00+00:00,21.587,14.037001,62.163815,Sunny
2023-02-17 15:00:00+00:00,21.887,13.637,59.470253,Sunny
2023-02-17 16:00:00+00:00,21.637,14.437,63.599236,Sunny
2023-02-17 17:00:00+00:00,18.337,14.437,78.01754,Sunny
2023-02-17 18:00:00+00:00,17.837,13.537001,75.94329,Sunny
2023-02-17 19:00:00+00:00,20.286999,12.787001,62.070526,Sunny
2023-02-17 20:00:00+00:00,16.987,13.087001,77.81465,Sunny
2023-02-17 21:00:00+00:00,16.286999,13.087001,81.352936,Sunny
2023-02-17 22:00:00+00:00,17.487,12.937,74.65768,Sunny
2023-02-17 23:00:00+00:00,16.036999,13.037001,82.39055,Sunny
2023-02-18 00:00:00+00:00,14.437,13.487,94.02484,Sunny
2023-02-18 01:00:00+00:00,14.487,13.337001,92.810455,Sunny
2023-02-18 02:00:00+00:00,16.987,14.187,83.58381,Sunny
2023-02-18 03:00:00+00:00,20.387,15.637,74.18599,Sunny
2023-02-18 04:00:00+00:00,23.187,16.437,65.79923,Sunny
2023-02-18 05:00:00+00:00,25.387,16.687,58.593697,Sunny
2023-02-18 06:00:00+00:00,26.887,16.237,52.10821,Sunny
2023-02-18 07:00:00+00:00,27.837,15.687,47.58633,Sunny
2023-02-18 08:00:00+00:00,28.387,15.437,45.353554,Sunny
2023-02-18 09:00:00+00:00,28.536999,15.037001,43.819805,Sunny
2023-02-18 10:00:00+00:00,28.286999,14.687,43.47033,Sunny
2023-02-18 11:00:00+00:00,26.887,17.837,57.664986,Sunny
2023-02-18 12:00:00+00:00,26.587,14.837001,48.486553,Sunny
2023-02-18 13:00:00+00:00,25.737,14.887,51.149303,Sunny
2023-02-18 14:00:00+00:00,22.536999,15.787001,65.66265,Sunny
2023-02-18 15:00:00+00:00,23.437,15.487,60.998543,Sunny
2023-02-18 16:00:00+00:00,23.137,15.437,61.914986,Sunny
2023-02-18 17:00:00+00:00,20.687,15.787001,73.52862,Sunny
2023-02-18 18:00:00+00:00,18.786999,15.637,81.9365,Sunny
2023-02-18 19:00:00+00:00,17.987,15.187,83.69911,Sunny
2023-02-18 20:00:00+00:00,17.387,15.087001,86.367424,Sunny
2023-02-18 21:00:00+00:00,16.937,15.137,89.14772,Sunny
2023-02-18 22:00:00+00:00,17.987,15.037001,82.89601,Sunny
2023-02-18 23:00:00+00:00,17.786999,15.037001,83.94573,Sunny
2023-02-19 00:00:00+00:00,15.737,14.737,93.78032,Sunny
2023-02-19 01:00:00+00:00,16.487,15.187,92.02651,Sunny
2023-02-19 02:00:00+00:00,18.687,15.537001,81.92396,Sunny
2023-02-19 03:00:00+00:00,21.487,16.187,71.81478,Sunny
2023-02-19 04:00:00+00:00,23.937,16.437,62.891296,Sunny
2023-02-19 05:00:00+00:00,25.837,16.937,57.96148,Sunny
2023-02-19 06:00:00+00:00,27.187,17.087,54.038143,Sunny
2023-02-19 07:00:00+00:00,28.237,16.786999,49.865067,Sunny
2023-02-19 08:00:00+00:00,28.737,15.937,45.886005,Sunny
2023-02-19 09:00:00+00:00,28.887,15.387,43.915344,Sunny
2023-02-19 10:00:00+00:00,28.937,14.987,42.6775,Sunny
2023-02-19 11:00:00+00:00,27.786999,16.487,50.2244,Sunny
2023-02-19 12:00:00+00:00,25.536999,14.337001,49.95524,Sunny
2023-02-19 13:00:00+00:00,24.437,13.587001,50.809235,Sunny
2023-02-19 14:00:00+00:00,22.536999,14.087001,58.85695,Sunny
2023-02-19 15:00:00+00:00,20.987,15.137,69.23814,Sunny
2023-02-19 16:00:00+00:00,20.237,15.237,72.98058,Sunny
2023-02-19 17:00:00+00:00,19.837,15.087001,74.09241,Sunny
2023-02-19 18:00:00+00:00,19.437,14.987,75.468414,Sunny
2023-02-19 19:00:00+00:00,18.137,14.987,81.8547,Sunny
2023-02-19 20:00:00+00:00,17.587,15.187,85.83393,Sunny
2023-02-19 21:00:00+00:00,16.887,15.037001,88.85763,Sunny
2023-02-19 22:00:00+00:00,16.786999,15.187,90.28936,Sunny
2023-02-19 23:00:00+00:00,16.387,15.187,92.613884,Sunny
2023-02-20 00:00:00+00:00,16.036999,14.987,93.49311,Sunny
2023-02-20 01:00:00+00:00,16.286999,15.387,94.409744,Sunny
2023-02-20 02:00:00+00:00,18.387,16.036999,86.18912,Sunny
2023-02-20 03:00:00+00:00,20.987,16.987,77.91322,Sunny
2023-02-20 04:00:00+00:00,23.536999,17.737,69.94994,Sunny
2023-02-20 05:00:00+00:00,25.437,18.036999,63.62054,Sunny
2023-02-20 06:00:00+00:00,26.837,17.536999,56.751705,Sunny
2023-02-20 07:00:00+00:00,27.687,16.487,50.51868,Sunny
2023-02-20 08:00:00+00:00,28.087,15.887,47.50108,Sunny
2023-02-20 09:00:00+00:00,28.337,15.637,46.072174,Sunny
2023-02-20 10:00:00+00:00,28.137,15.287001,45.577538,Sunny
2023-02-20 11:00:00+00:00,27.337,16.137,50.42745,Sunny
2023-02-20 12:00:00+00:00,24.887,16.987,61.524513,Sunny
2023-02-20 13:00:00+00:00,23.137,16.937,68.12747,Cloudy
2023-02-20 14:00:00+00:00,22.286999,16.737,70.82776,Sunny
2023-02-20 15:00:00+00:00,21.687,16.237,71.16799,Sunny
2023-02-20 16:00:00+00:00,23.237,15.437,61.541916,Sunny
2023-02-20 17:00:00+00:00,22.937,15.337001,62.26811,Sunny
2023-02-20 18:00:00+00:00,18.987,15.637,80.91966,Sunny
2023-02-20 19:00:00+00:00,18.337,15.787001,85.08989,Sunny
2023-02-20 20:00:00+00:00,18.487,15.687,83.75632,Sunny
2023-02-20 21:00:00+00:00,17.137,15.587001,90.603966,Sunny
2023-02-20 22:00:00+00:00,18.237,15.337001,83.19245,Sunny
2023-02-20 23:00:00+00:00,16.587,14.987,90.27509,Sunny
2023-02-21 00:00:00+00:00,17.237,15.537001,89.744736,Sunny
2023-02-21 01:00:00+00:00,17.187,15.687,90.89782,Sunny
2023-02-21 02:00:00+00:00,19.437,16.286999,82.01778,Sunny
2023-02-21 03:00:00+00:00,22.036999,16.937,72.8325,Sunny
2023-02-21 04:00:00+00:00,24.437,17.337,64.61699,Sunny
2023-02-21 05:00:00+00:00,26.237,17.687,59.353424,Sunny
2023-02-21 06:00:00+00:00,27.737,17.087,52.325928,Sunny
2023-02-21 07:00:00+00:00,28.737,15.837001,45.593765,Sunny
2023-02-21 08:00:00+00:00,29.286999,15.287001,42.636456,Sunny
2023-02-21 09:00:00+00:00,29.687,14.487,39.57223,Sunny
2023-02-21 10:00:00+00:00,29.487,14.287001,39.51682,Sunny
2023-02-21 11:00:00+00:00,28.337,15.037001,44.33215,Sunny
2023-02-21 12:00:00+00:00,25.587,14.837001,51.440624,Sunny
2023-02-21 13:00:00+00:00,24.587,14.687,54.073498,Sunny
2023-02-21 14:00:00+00:00,22.987,15.187,61.484917,Sunny
2023-02-21 15:00:00+00:00,21.887,15.737,68.09514,Sunny
2023-02-21 16:00:00+00:00,20.737,16.187,75.19865,Sunny
2023-02-21 17:00:00+00:00,19.937,16.286999,79.51193,Sunny
2023-02-21 18:00:00+00:00,19.337,16.237,82.26704,Sunny
2023-02-21 19:00:00+00:00,18.637,16.137,85.39344,Sunny
2023-02-21 20:00:00+00:00,18.087,15.937,87.26802,Sunny
2023-02-21 21:00:00+00:00,17.237,15.687,90.61082,Sunny
2023-02-21 22:00:00+00:00,16.987,15.587001,91.46857,Sunny
2023-02-21 23:00:00+00:00,16.487,15.687,95.024475,Sunny
2023-02-22 00:00:00+00:00,16.387,15.887,96.86181,Sunny
2023-02-22 01:00:00+00:00,17.337,16.786999,96.57749,Sunny
2023-02-22 02:00:00+00:00,19.036999,17.587,91.307816,Sunny
2023-02-22 03:00:00+00:00,21.237,18.187,82.758194,Sunny
2023-02-22 04:00:00+00:00,23.687,18.337,71.98445,Sunny
2023-02-22 05:00:00+00:00,25.786999,18.286999,63.298393,Sunny
2023-02-22 06:00:00+00:00,27.187,17.987,57.195076,Sunny
2023-02-22 07:00:00+00:00,28.237,17.786999,53.118664,Sunny
2023-02-22 08:00:00+00:00,28.987,17.487,49.903034,Sunny
2023-02-22 09:00:00+00:00,29.487,16.587,45.795918,Sunny
2023-02-22 10:00:00+00:00,29.587,15.537001,42.582035,Sunny
2023-02-22 11:00:00+00:00,28.887,15.087001,43.077446,Sunny
2023-02-22 12:00:00+00:00,25.437,16.036999,56.051807,Sunny
2023-02-22 13:00:00+00:00,23.737,15.937,61.655586,Sunny
2023-02-22 14:00:00+00:00,22.437,15.737,65.85188,Sunny
2023-02-22 15:00:00+00:00,22.137,15.687,66.850815,Sunny
2023-02-22 16:00:00+00:00,23.786999,15.187,58.587116,Sunny
2023-02-22 17:00:00+00:00,19.987,16.087,78.261955,Sunny
2023-02-22 18:00:00+00:00,19.187,16.587,84.909134,Sunny
2023-02-22 19:00:00+00:00,18.237,16.087,87.28173,Sunny
2023-02-22 20:00:00+00:00,17.587,15.237,86.11002,Sunny
2023-02-22 21:00:00+00:00,17.137,14.637,85.2369,Sunny
2023-02-22 22:00:00+00:00,16.536999,14.287001,86.56363,Sunny
2023-02-22 23:00:00+00:00,16.937,14.087001,83.307755,Sunny
2023-02-23 00:00:00+00:00,16.637,14.387,86.57329,Sunny
2023-02-23 01:00:00+00:00,16.286999,14.587001,89.67329,Sunny
2023-02-23 02:00:00+00:00,18.387,15.287001,82.14953,Sunny
2023-02-23 03:00:00+00:00,20.536999,15.837001,74.44904,Sunny
2023-02-23 04:00:00+00:00,22.587,16.087,66.72999,Sunny
2023-02-23 05:00:00+00:00,24.437,15.987,59.307476,Sunny
2023-02-23 06:00:00+00:00,26.237,14.787001,49.338993,Sunny
2023-02-23 07:00:00+00:00,27.737,13.537001,41.66455,Sunny
2023-02-23 08:00:00+00:00,28.437,12.637,37.7163,Sunny
2023-02-23 09:00:00+00:00,28.786999,12.787001,37.32261,Sunny
2023-02-23 10:00:00+00:00,29.387,11.737,33.645725,Sunny
2023-02-23 11:00:00+00:00,27.987,9.837001,32.16189,Sunny
2023-02-23 12:00:00+00:00,23.237,10.087001,43.356243,Sunny
2023-02-23 13:00:00+00:00,21.387,9.237,45.83195,Sunny
2023-02-23 14:00:00+00:00,22.987,10.837001,46.273113,Sunny
2023-02-23 15:00:00+00:00,22.987,11.837001,49.440025,Sunny
2023-02-23 16:00:00+00:00,22.137,11.187,49.869217,Sunny
2023-02-23 17:00:00+00:00,18.337,10.137,58.813553,Sunny
2023-02-23 18:00:00+00:00,17.737,8.887,56.155796,Sunny
2023-02-23 19:00:00+00:00,16.637,8.587001,58.99425,Sunny
2023-02-23 20:00:00+00:00,15.187,9.187,67.394485,Sunny
2023-02-23 21:00:00+00:00,13.687,11.137,84.58665,Sunny
2023-02-23 22:00:00+00:00,13.837001,12.587001,92.16933,Sunny
2023-02-23 23:00:00+00:00,14.237,13.887,97.757416,Sunny
2023-02-24 00:00:00+00:00,16.036999,15.887,99.046745,Cloudy
2023-02-24 01:00:00+00:00,16.437,16.387,99.682335,Cloudy
2023-02-24 02:00:00+00:00,17.187,16.837,97.80747,Cloudy
2023-02-24 03:00:00+00:00,18.437,16.837,90.40583,Cloudy
2023-02-24 04:00:00+00:00,20.687,16.837,78.613464,Cloudy
2023-02-24 05:00:00+00:00,22.837,17.387,71.37941,Sunny
2023-02-24 06:00:00+00:00,24.837,16.737,60.737797,Sunny
2023-02-24 07:00:00+00:00,26.286999,15.887,52.791153,Sunny
2023-02-24 08:00:00+00:00,27.286999,15.337001,48.052425,Sunny
2023-02-24 09:00:00+00:00,27.887,14.387,43.64192,Sunny
2023-02-24 10:00:00+00:00,27.937,13.287001,40.515793,Sunny
2023-02-24 11:00:00+00:00,26.837,14.287001,46.111668,Sunny
2023-02-24 12:00:00+00:00,26.337,13.637,45.530037,Sunny
2023-02-24 13:00:00+00:00,25.536999,12.887,45.459972,Sunny
2023-02-24 14:00:00+00:00,24.437,12.637,47.75374,Sunny
2023-02-24 15:00:00+00:00,23.187,12.687,51.651863,Cloudy
2023-02-24 16:00:00+00:00,22.286999,13.087001,55.99509,Sunny
2023-02-24 17:00:00+00:00,18.987,13.987,72.758934,Sunny
2023-02-24 18:00:00+00:00,18.137,14.537001,79.51474,Sunny
2023-02-24 19:00:00+00:00,18.187,13.937,76.24669,Sunny
2023-02-24 20:00:00+00:00,17.786999,14.287001,79.9814,Sunny
2023-02-24 21:00:00+00:00,17.837,14.837001,82.61157,Sunny
2023-02-24 22:00:00+00:00,17.536999,15.237,86.382034,Sunny
2023-02-24 23:00:00+00:00,17.286999,15.687,90.324875,Sunny
2023-02-25 00:00:00+00:00,17.187,16.036999,92.95381,Sunny
2023-02-25 01:00:00+00:00,17.286999,16.137,92.95905,Sunny
2023-02-25 02:00:00+00:00,18.837,16.387,85.68641,Sunny
2023-02-25 03:00:00+00:00,20.937,16.437,75.471146,Sunny
2023-02-25 04:00:00+00:00,23.036999,16.487,66.61033,Sunny
2023-02-25 05:00:00+00:00,24.987,16.387,58.872284,Sunny
2023-02-25 06:00:00+00:00,26.437,15.737,51.82647,Sunny
2023-02-25 07:00:00+00:00,27.137,14.737,46.64199,Sunny
2023-02-25 08:00:00+00:00,27.587,13.987,43.278183,Sunny
2023-02-25 09:00:00+00:00,27.837,13.187,40.487995,Sunny
2023-02-25 10:00:00+00:00,27.786999,12.687,39.30054,Sunny
2023-02-25 11:00:00+00:00,27.087,16.187,51.335682,Sunny
2023-02-25 12:00:00+00:00,25.286999,12.637,45.391563,Sunny
2023-02-25 13:00:00+00:00,21.937,13.437,58.522522,Sunny
2023-02-25 14:00:00+00:00,21.786999,14.187,62.008118,Sunny
2023-02-25 15:00:00+00:00,21.036999,13.987,64.08724,Sunny
2023-02-25 16:00:00+00:00,19.587,14.187,71.005806,Sunny
2023-02-25 17:00:00+00:00,17.987,14.287001,78.98125,Sunny
2023-02-25 18:00:00+00:00,17.187,14.087001,81.999435,Sunny
2023-02-25 19:00:00+00:00,16.837,13.937,83.02629,Sunny
2023-02-25 20:00:00+00:00,16.687,13.687,82.47082,Sunny
2023-02-25 21:00:00+00:00,15.587001,13.437,87.0365,Sunny
2023-02-25 22:00:00+00:00,15.187,13.137,87.56882,Sunny
2023-02-25 23:00:00+00:00,15.087001,12.937,86.98944,Sunny
2023-02-26 00:00:00+00:00,16.987,14.037001,82.775566,Sunny
2023-02-26 01:00:00+00:00,15.887,14.187,89.64297,Sunny
2023-02-26 02:00:00+00:00,18.786999,14.937,78.336334,Sunny
2023-02-26 03:00:00+00:00,21.737,15.437,67.41404,Sunny
2023-02-26 04:00:00+00:00,24.137,15.287001,57.73746,Sunny
2023-02-26 05:00:00+00:00,25.837,15.687,53.526325,Sunny
2023-02-26 06:00:00+00:00,27.036999,15.037001,47.831703,Sunny
2023-02-26 07:00:00+00:00,27.786999,14.037001,42.91414,Sunny
2023-02-26 08:00:00+00:00,28.237,13.037001,39.169376,Sunny
2023-02-26 09:00:00+00:00,28.387,12.787001,38.1995,Sunny
2023-02-26 10:00:00+00:00,28.187,12.487,37.89433,Sunny
2023-02-26 11:00:00+00:00,26.937,13.637,43.949097,Sunny
2023-02-26 12:00:00+00:00,23.937,13.887,53.386658,Sunny
2023-02-26 13:00:00+00:00,22.837,12.437,51.899826,Sunny
2023-02-26 14:00:00+00:00,21.737,12.587001,56.041187,Sunny
2023-02-26 15:00:00+00:00,20.637,13.037001,61.745758,Sunny
2023-02-26 16:00:00+00:00,20.337,13.037001,62.89896,Sunny
2023-02-26 17:00:00+00:00,18.437,13.087001,71.02107,Sunny
2023-02-26 18:00:00+00:00,17.536999,12.787001,73.69587,Sunny
2023-02-26 19:00:00+00:00,17.036999,12.087001,72.6468,Sunny
2023-02-26 20:00:00+00:00,16.487,11.387,71.831276,Sunny
2023-02-26 21:00:00+00:00,15.637,11.137,74.58925,Sunny
2023-02-26 22:00:00+00:00,14.787001,11.237,79.298355,Sunny
2023-02-26 23:00:00+00:00,17.036999,10.737,66.439575,Sunny
2023-02-27 00:00:00+00:00,14.887,11.937,82.518654,Sunny
2023-02-27 01:00:00+00:00,15.187,12.537001,84.19789,Sunny
2023-02-27 02:00:00+00:00,17.786999,13.287001,74.95229,Sunny
2023-02-27 03:00:00+00:00,21.036999,13.987,64.08724,Sunny
2023-02-27 04:00:00+00:00,23.337,14.337001,56.988575,Sunny
2023-02-27 05:00:00+00:00,25.187,14.787001,52.50913,Sunny
2023-02-27 06:00:00+00:00,26.737,14.487,46.9873,Sunny
2023-02-27 07:00:00+00:00,28.087,13.237,40.032257,Sunny
2023-02-27 08:00:00+00:00,28.487,12.487,37.23882,Sunny
2023-02-27 09:00:00+00:00,28.887,11.987,35.208214,Sunny
2023-02-27 10:00:00+00:00,28.737,11.487,34.36291,Sunny
2023-02-27 11:00:00+00:00,27.536999,12.837001,40.27261,Sunny
2023-02-27 12:00:00+00:00,23.987,12.987,50.19668,Sunny
2023-02-27 13:00:00+00:00,22.637,12.587001,53.052532,Sunny
2023-02-27 14:00:00+00:00,21.087,13.237,60.84937,Sunny
2023-02-27 15:00:00+00:00,20.937,12.887,60.02484,Sunny
2023-02-27 16:00:00+00:00,20.087,12.787001,62.84276,Sunny
2023-02-27 17:00:00+00:00,19.137,12.687,66.226265,Sunny
2023-02-27 18:00:00+00:00,17.937,12.637,71.15975,Sunny
2023-02-27 19:00:00+00:00,17.837,12.687,71.84384,Sunny
2023-02-27 20:00:00+00:00,17.536999,12.687,73.21491,Sunny
2023-02-27 21:00:00+00:00,16.786999,12.737,77.0246,Sunny
2023-02-27 22:00:00+00:00,16.187,12.637,79.49811,Sunny
2023-02-27 23:00:00+00:00,15.537001,12.637,82.86987,Sunny
2023-02-28 00:00:00+00:00,16.687,12.737,77.51506,Sunny
2023-02-28 01:00:00+00:00,15.587001,13.137,85.35071,Sunny
2023-02-28 02:00:00+00:00,17.786999,13.737,77.179855,Sunny
2023-02-28 03:00:00+00:00,20.737,14.587001,67.86414,Sunny
2023-02-28 04:00:00+00:00,23.087,14.887,59.946163,Sunny
2023-02-28 05:00:00+00:00,25.137,14.987,53.34832,Sunny
2023-02-28 06:00:00+00:00,26.637,15.187,49.44473,Sunny
2023-02-28 07:00:00+00:00,27.887,14.487,43.92482,Sunny
2023-02-28 08:00:00+00:00,28.387,14.037001,41.439644,Sunny
2023-02-28 09:00:00+00:00,28.937,13.437,38.603516,Sunny
2023-02-28 10:00:00+00:00,28.987,12.387,35.937878,Sunny
2023-02-28 11:00:00+00:00,27.887,13.137,40.238503,Sunny
2023-02-28 12:00:00+00:00,24.487,14.537001,53.873997,Sunny
2023-02-28 13:00:00+00:00,23.036999,14.837001,59.93448,Sunny
2023-02-28 14:00:00+00:00,21.737,15.387,67.198235,Sunny
2023-02-28 15:00:00+00:00,20.887,15.287001,70.3395,Sunny
2023-02-28 16:00:00+00:00,20.137,15.287001,73.6693,Sunny
2023-02-28 17:00:00+00:00,19.437,15.187,76.44504,Sunny
2023-02-28 18:00:00+00:00,18.837,15.087001,78.849174,Sunny
2023-02-28 19:00:00+00:00,18.637,14.787001,78.31425,Sunny
2023-02-28 20:00:00+00:00,18.337,14.587001,78.77694,Sunny
2023-02-28 21:00:00+00:00,18.137,14.437,79.00282,Sunny
2023-02-28 22:00:00+00:00,17.737,14.387,80.754135,Sunny
2023-02-28 23:00:00+00:00,17.387,14.237,81.75964,Sunny
2023-03-01 00:00:00+00:00,17.437,14.737,84.17693,Sunny
2023-03-01 01:00:00+00:00,18.036999,14.737,81.05495,Sunny
2023-03-01 02:00:00+00:00,19.786999,15.137,74.56168,Sunny
2023-03-01 03:00:00+00:00,21.987,15.337001,65.96858,Sunny
2023-03-01 04:00:00+00:00,24.137,15.587001,58.858772,Sunny
2023-03-01 05:00:00+00:00,26.036999,15.387,51.889297,Sunny
2023-03-01 06:00:00+00:00,27.437,15.387,47.785023,Sunny
2023-03-01 07:00:00+00:00,28.387,15.387,45.208363,Sunny
2023-03-01 08:00:00+00:00,28.937,15.137,43.091125,Sunny
2023-03-01 09:00:00+00:00,29.187,14.887,41.794777,Sunny
2023-03-01 10:00:00+00:00,29.187,14.337001,40.337513,Sunny
2023-03-01 11:00:00+00:00,28.387,14.737,43.35776,Sunny
2023-03-01 12:00:00+00:00,24.937,16.387,59.048103,Sunny
2023-03-01 13:00:00+00:00,25.536999,14.587001,50.768593,Sunny
2023-03-01 14:00:00+00:00,23.036999,15.537001,62.691116,Sunny
2023-03-01 15:00:00+00:00,21.587,15.637,68.912445,Sunny
2023-03-01 16:00:00+00:00,20.637,15.487,72.352486,Sunny
2023-03-01 17:00:00+00:00,19.937,15.437,75.30809,Sunny
2023-03-01 18:00:00+00:00,19.987,15.337001,74.59527,Sunny
2023-03-01 19:00:00+00:00,19.437,15.137,76.199844,Sunny
2023-03-01 20:00:00+00:00,18.887,14.837001,77.348915,Sunny
2023-03-01 21:00:00+00:00,18.737,14.537001,76.58112,Sunny
2023-03-01 22:00:00+00:00,18.437,14.387,77.27995,Sunny
2023-03-01 23:00:00+00:00,18.087,14.337001,78.74067,Sunny
2023-03-02 00:00:00+00:00,18.036999,14.937,82.10592,Sunny
2023-03-02 01:00:00+00:00,18.737,15.037001,79.08872,Sunny
2023-03-02 02:00:00+00:00,20.437,15.737,74.4322,Sunny
2023-03-02 03:00:00+00:00,22.737,16.237,66.76083,Sunny
2023-03-02 04:00:00+00:00,24.837,16.387,59.40151,Sunny
2023-03-02 05:00:00+00:00,26.387,16.387,54.180733,Sunny
2023-03-02 06:00:00+00:00,27.687,16.536999,50.679535,Sunny
2023-03-02 07:00:00+00:00,28.637,16.337,47.345406,Sunny
2023-03-02 08:00:00+00:00,29.237,15.487,43.311832,Sunny
2023-03-02 09:00:00+00:00,29.637,14.987,40.986393,Sunny
2023-03-02 10:00:00+00:00,29.587,14.237,39.162746,Sunny
2023-03-02 11:00:00+00:00,28.837,15.887,45.47528,Sunny
2023-03-02 12:00:00+00:00,29.137,13.287001,37.788185,Sunny
2023-03-02 13:00:00+00:00,26.087,14.087001,47.577072,Sunny
2023-03-02 14:00:00+00:00,22.737,15.387,63.229816,Sunny
2023-03-02 15:00:00+00:00,22.587,15.237,63.196613,Sunny
2023-03-02 16:00:00+00:00,21.737,15.787001,68.94186,Sunny
2023-03-02 17:00:00+00:00,21.036999,16.087,73.3548,Sunny
2023-03-02 18:00:00+00:00,20.536999,15.987,75.16583,Sunny
2023-03-02 19:00:00+00:00,19.587,15.687,78.20305,Sunny
2023-03-02 20:00:00+00:00,19.087,15.437,79.39275,Sunny
2023-03-02 21:00:00+00:00,18.637,15.337001,81.133484,Sunny
2023-03-02 22:00:00+00:00,18.337,15.287001,82.40741,Sunny
2023-03-02 23:00:00+00:00,18.437,15.087001,80.8471,Sunny
2023-03-03 00:00:00+00:00,18.487,15.787001,84.29381,Sunny
2023-03-03 01:00:00+00:00,18.887,15.937,83.003365,Sunny
2023-03-03 02:00:00+00:00,20.536999,16.337,76.86202,Sunny
2023-03-03 03:00:00+00:00,22.536999,16.786999,69.98117,Sunny
2023-03-03 04:00:00+00:00,24.637,17.036999,62.648186,Sunny
2023-03-03 05:00:00+00:00,26.487,17.036999,56.13128,Sunny
2023-03-03 06:00:00+00:00,27.987,16.887,50.918633,Sunny
2023-03-03 07:00:00+00:00,28.987,16.587,47.13828,Sunny
2023-03-03 08:00:00+00:00,29.487,16.036999,44.219627,Sunny
2023-03-03 09:00:00+00:00,29.737,15.437,41.946003,Sunny
2023-03-03 10:00:00+00:00,29.536999,15.237,41.891068,Sunny
2023-03-03 11:00:00+00:00,29.087,16.536999,46.717587,Sunny
2023-03-03 12:00:00+00:00,28.987,15.037001,42.691216,Sunny
2023-03-03 13:00:00+00:00,24.687,16.786999,61.479168,Sunny
2023-03-03 14:00:00+00:00,23.987,16.337,62.304813,Sunny
2023-03-03 15:00:00+00:00,22.987,16.036999,64.92394,Sunny
2023-03-03 16:00:00+00:00,22.187,16.087,68.37282,Sunny
2023-03-03 17:00:00+00:00,21.987,15.887,68.3331,Sunny
2023-03-03 18:00:00+00:00,21.536999,15.637,69.12359,Sunny
2023-03-03 19:00:00+00:00,20.837,15.537001,71.6964,Sunny
2023-03-03 20:00:00+00:00,20.137,15.537001,74.85988,Sunny
2023-03-03 21:00:00+00:00,19.187,15.637,79.91699,Sunny
2023-03-03 22:00:00+00:00,18.536999,15.787001,84.03033,Sunny
2023-03-03 23:00:00+00:00,18.286999,15.837001,85.630424,Sunny
2023-03-04 00:00:00+00:00,18.786999,15.887,83.25709,Sunny
2023-03-04 01:00:00+00:00,19.487,16.036999,80.47031,Sunny
2023-03-04 02:00:00+00:00,21.587,16.587,73.21716,Sunny
2023-03-04 03:00:00+00:00,24.286999,17.087,64.17749,Sunny
2023-03-04 04:00:00+00:00,26.536999,17.237,56.678898,Sunny
2023-03-04 05:00:00+00:00,28.387,16.887,49.74636,Sunny
2023-03-04 06:00:00+00:00,29.587,16.337,44.814293,Sunny
2023-03-04 07:00:00+00:00,30.387,15.737,41.192844,Sunny
2023-03-04 08:00:00+00:00,30.786999,15.487,39.621525,Sunny
2023-03-04 09:00:00+00:00,30.937,15.387,39.03256,Sunny
2023-03-04 10:00:00+00:00,30.637,15.287001,39.453335,Sunny
2023-03-04 11:00:00+00:00,30.036999,16.587,44.36886,Sunny
2023-03-04 12:00:00+00:00,29.286999,15.737,43.88378,Sunny
2023-03-04 13:00:00+00:00,25.137,16.937,60.422592,Sunny
2023-03-04 14:00:00+00:00,24.587,16.487,60.680336,Sunny
2023-03-04 15:00:00+00:00,23.937,14.837001,56.76845,Sunny
2023-03-04 16:00:00+00:00,22.737,15.287001,62.82541,Sunny
2023-03-04 17:00:00+00:00,21.837,15.537001,67.43436,Sunny
2023-03-04 18:00:00+00:00,21.137,15.887,71.98077,Sunny
2023-03-04 19:00:00+00:00,21.087,15.637,71.0568,Sunny
2023-03-04 20:00:00+00:00,20.437,15.837001,74.90967,Sunny
2023-03-04 21:00:00+00:00,20.887,15.637,71.93547,Sunny
2023-03-04 22:00:00+00:00,19.487,15.687,78.69042,Sunny
2023-03-04 23:00:00+00:00,18.837,15.837001,82.73265,Sunny
2023-03-05 00:00:00+00:00,18.536999,16.187,86.20388,Sunny
2023-03-05 01:00:00+00:00,18.937,16.387,85.153076,Sunny
2023-03-05 02:00:00+00:00,21.337,16.887,75.77583,Sunny
2023-03-05 03:00:00+00:00,24.137,17.437,66.20629,Sunny
2023-03-05 04:00:00+00:00,26.687,17.487,57.074528,Sunny
2023-03-05 05:00:00+00:00,28.587,17.286999,50.43265,Sunny
2023-03-05 06:00:00+00:00,29.887,17.187,46.488277,Sunny
2023-03-05 07:00:00+00:00,30.987,16.587,42.02043,Sunny
2023-03-05 08:00:00+00:00,31.286999,15.837001,39.380142,Sunny
2023-03-05 09:00:00+00:00,31.387,15.287001,37.801258,Sunny
2023-03-05 10:00:00+00:00,31.387,14.337001,35.55699,Sunny
2023-03-05 11:00:00+00:00,30.687,14.587001,37.607525,Sunny
2023-03-05 12:00:00+00:00,28.137,14.137,42.32028,Sunny
2023-03-05 13:00:00+00:00,26.937,14.487,46.43785,Sunny
2023-03-05 14:00:00+00:00,25.987,14.487,49.113953,Sunny
2023-03-05 15:00:00+00:00,24.387,14.637,54.54845,Sunny
2023-03-05 16:00:00+00:00,23.737,14.537001,56.354515,Sunny
2023-03-05 17:00:00+00:00,23.437,13.937,55.19709,Sunny
2023-03-05 18:00:00+00:00,22.637,13.537001,56.44843,Sunny
2023-03-05 19:00:00+00:00,22.087,13.187,57.052364,Sunny
2023-03-05 20:00:00+00:00,21.737,13.037001,57.715973,Sunny
2023-03-05 21:00:00+00:00,21.337,12.687,57.80741,Sunny
2023-03-05 22:00:00+00:00,20.286999,12.437,60.662895,Sunny
2023-03-05 23:00:00+00:00,19.087,12.587001,65.99907,Sunny
2023-03-06 00:00:00+00:00,18.337,13.387,72.87973,Sunny
2023-03-06 01:00:00+00:00,18.987,13.737,71.587875,Sunny
2023-03-06 02:00:00+00:00,21.337,14.437,64.77801,Sunny
2023-03-06 03:00:00+00:00,23.536999,14.587001,57.221916,Sunny
2023-03-06 04:00:00+00:00,25.487,14.837001,51.747013,Sunny
2023-03-06 05:00:00+00:00,27.237,15.437,48.503586,Sunny
2023-03-06 06:00:00+00:00,28.837,15.737,45.041283,Sunny
2023-03-06 07:00:00+00:00,30.137,14.937,39.696754,Sunny
2023-03-06 08:00:00+00:00,30.887,13.287001,34.173546,Sunny
2023-03-06 09:00:00+00:00,31.036999,11.587001,30.305256,Sunny
2023-03-06 10:00:00+00:00,30.786999,10.837001,29.250366,Sunny
2023-03-06 11:00:00+00:00,29.887,11.487,32.154945,Sunny
2023-03-06 12:00:00+00:00,27.187,9.987,34.042664,Sunny
2023-03-06 13:00:00+00:00,24.987,8.387,34.813145,Sunny
2023-03-06 14:00:00+00:00,24.087,7.237,33.972694,Sunny
2023-03-06 15:00:00+00:00,23.137,7.137,35.728493,Sunny
2023-03-06 16:00:00+00:00,23.387,6.437,33.542225,Sunny
2023-03-06 17:00:00+00:00,21.637,7.087,39.006542,Sunny
2023-03-06 18:00:00+00:00,20.437,7.787,44.045944,Sunny
2023-03-06 19:00:00+00:00,19.687,8.187,47.41011,Sunny
2023-03-06 20:00:00+00:00,19.687,8.287001,47.73284,Sunny
2023-03-06 21:00:00+00:00,19.036999,8.537001,50.551598,Sunny
2023-03-06 22:00:00+00:00,17.737,8.737,55.58981,Sunny
2023-03-06 23:00:00+00:00,17.237,8.687,57.17838,Sunny
2023-03-07 00:00:00+00:00,16.987,9.387,60.897236,Sunny
2023-03-07 01:00:00+00:00,17.137,9.937,62.58867,Sunny
2023-03-07 02:00:00+00:00,19.137,10.787001,58.421967,Sunny
2023-03-07 03:00:00+00:00,21.887,12.037001,53.55961,Sunny
2023-03-07 04:00:00+00:00,24.536999,12.687,47.624535,Sunny
2023-03-07 05:00:00+00:00,26.837,12.637,41.414825,Sunny
2023-03-07 06:00:00+00:00,28.737,12.137,35.868053,Sunny
2023-03-07 07:00:00+00:00,30.187,11.437,31.501225,Sunny
2023-03-07 08:00:00+00:00,30.937,8.587001,24.939562,Sunny
2023-03-07 09:00:00+00:00,30.937,7.787,23.621555,Sunny
2023-03-07 10:00:00+00:00,30.536999,6.737,22.493553,Sunny
2023-03-07 11:00:00+00:00,29.286999,7.887,26.145979,Sunny
2023-03-07 12:00:00+00:00,26.536999,8.437,31.864445,Sunny
2023-03-07 13:00:00+00:00,24.937,8.537001,35.273617,Sunny
2023-03-07 14:00:00+00:00,23.786999,8.787001,38.433598,Sunny
2023-03-07 15:00:00+00:00,23.337,8.387,38.435844,Sunny
2023-03-07 16:00:00+00:00,22.887,8.387,39.49613,Sunny
2023-03-07 17:00:00+00:00,22.237,7.737,39.311325,Sunny
2023-03-07 18:00:00+00:00,20.087,8.237,46.406654,Sunny
2023-03-07 19:00:00+00:00,19.237,8.287001,49.086967,Sunny
2023-03-07 20:00:00+00:00,18.937,8.337001,50.183506,Sunny
2023-03-07 21:00:00+00:00,17.887,8.137,52.874233,Sunny
2023-03-07 22:00:00+00:00,17.036999,7.887,54.84876,Sunny
2023-03-07 23:00:00+00:00,15.637,8.387,62.033108,Sunny
2023-03-08 00:00:00+00:00,15.037001,9.387,68.96923,Sunny
2023-03-08 01:00:00+00:00,16.137,10.087001,67.36616,Sunny
2023-03-08 02:00:00+00:00,19.036999,11.837001,63.019806,Sunny
2023-03-08 03:00:00+00:00,21.387,12.987,58.7729,Sunny
2023-03-08 04:00:00+00:00,23.837,12.337001,48.539635,Sunny
2023-03-08 05:00:00+00:00,25.887,12.337001,42.94961,Sunny
2023-03-08 06:00:00+00:00,27.737,12.837001,39.80443,Sunny
2023-03-08 07:00:00+00:00,29.387,12.787001,36.04948,Sunny
2023-03-08 08:00:00+00:00,30.637,11.387,30.59817,Sunny
2023-03-08 09:00:00+00:00,30.137,12.737,34.41354,Sunny
2023-03-08 10:00:00+00:00,27.487,15.137,46.88672,Sunny
2023-03-08 11:00:00+00:00,26.737,11.937,39.78648,Cloudy
2023-03-08 12:00:00+00:00,23.737,16.737,64.87752,Sunny
2023-03-08 13:00:00+00:00,21.337,14.787001,66.25762,Sunny
2023-03-08 14:00:00+00:00,20.437,14.387,68.24337,Sunny
2023-03-08 15:00:00+00:00,19.937,14.137,69.25644,Sunny
2023-03-08 16:00:00+00:00,19.786999,13.737,68.11285,Sunny
2023-03-08 17:00:00+00:00,19.587,13.737,68.9635,Sunny
2023-03-08 18:00:00+00:00,18.837,13.887,72.96858,Sunny
2023-03-08 19:00:00+00:00,18.237,13.637,74.5413,Sunny
2023-03-08 20:00:00+00:00,17.937,13.537001,75.46698,Sunny
2023-03-08 21:00:00+00:00,17.587,13.637,77.652336,Sunny
2023-03-08 22:00:00+00:00,17.087,13.587001,79.88451,Sunny
2023-03-08 23:00:00+00:00,16.987,13.437,79.61103,Sunny
2023-03-09 00:00:00+00:00,17.687,14.687,82.593315,Sunny
2023-03-09 01:00:00+00:00,18.286999,14.737,79.792625,Sunny
2023-03-09 02:00:00+00:00,20.437,15.387,72.78208,Sunny
2023-03-09 03:00:00+00:00,23.237,15.687,62.53534,Sunny
2023-03-09 04:00:00+00:00,26.137,15.387,51.58332,Sunny
2023-03-09 05:00:00+00:00,28.387,13.887,41.03847,Sunny
2023-03-09 06:00:00+00:00,29.786999,12.887,35.45917,Sunny
2023-03-09 07:00:00+00:00,30.887,11.687,30.768265,Sunny
2023-03-09 08:00:00+00:00,31.387,11.287001,29.12346,Sunny
2023-03-09 09:00:00+00:00,31.337,11.137,28.917545,Sunny
2023-03-09 10:00:00+00:00,31.036999,10.637,28.454908,Sunny
2023-03-09 11:00:00+00:00,29.937,11.487,32.062634,Sunny
2023-03-09 12:00:00+00:00,27.187,13.137,41.920746,Sunny
2023-03-09 13:00:00+00:00,24.737,13.487,49.582058,Sunny
2023-03-09 14:00:00+00:00,23.987,13.537001,52.02963,Sunny
2023-03-09 15:00:00+00:00,23.837,12.987,50.65132,Sunny
2023-03-09 16:00:00+00:00,22.187,12.987,55.970154,Sunny
2023-03-09 17:00:00+00:00,21.137,13.087001,60.071976,Sunny
2023-03-09 18:00:00+00:00,20.937,12.737,59.438538,Sunny
2023-03-09 19:00:00+00:00,20.637,12.287001,58.78515,Sunny
2023-03-09 20:00:00+00:00,20.637,12.037001,57.82645,Sunny
2023-03-09 21:00:00+00:00,19.937,11.887,59.788174,Sunny
2023-03-09 22:00:00+00:00,19.137,11.737,62.216385,Sunny
2023-03-09 23:00:00+00:00,18.337,11.587001,64.76213,Sunny
2023-03-10 00:00:00+00:00,17.536999,13.337001,76.3912,Sunny
2023-03-10 01:00:00+00:00,18.487,13.487,72.66957,Sunny
2023-03-10 02:00:00+00:00,20.937,14.187,65.32327,Sunny
2023-03-10 03:00:00+00:00,23.837,14.687,56.561295,Sunny
2023-03-10 04:00:00+00:00,26.587,15.037001,49.114742,Sunny
2023-03-10 05:00:00+00:00,29.036999,14.737,41.75348,Sunny
2023-03-10 06:00:00+00:00,30.987,12.337001,31.931053,Sunny
2023-03-10 07:00:00+00:00,32.137,10.337001,26.2024,Sunny
2023-03-10 08:00:00+00:00,32.537,9.387,24.03789,Sunny
2023-03-10 09:00:00+00:00,32.437,8.637,22.981838,Sunny
2023-03-10 10:00:00+00:00,31.737,8.737,24.072674,Sunny
2023-03-10 11:00:00+00:00,30.387,9.837001,27.995792,Sunny
2023-03-10 12:00:00+00:00,27.887,11.587001,36.344284,Sunny
2023-03-10 13:00:00+00:00,25.286999,12.187,44.07034,Sunny
2023-03-10 14:00:00+00:00,24.337,12.337001,47.104355,Sunny
2023-03-10 15:00:00+00:00,23.036999,12.237,50.605953,Sunny
2023-03-10 16:00:00+00:00,22.337,12.487,53.67522,Sunny
2023-03-10 17:00:00+00:00,21.637,12.987,57.880455,Sunny
2023-03-10 18:00:00+00:00,20.437,13.187,63.12706,Sunny
2023-03-10 19:00:00+00:00,19.737,12.837001,64.43073,Sunny
2023-03-10 20:00:00+00:00,19.187,11.887,62.639477,Sunny
2023-03-10 21:00:00+00:00,18.837,10.887,59.922657,Sunny
2023-03-10 22:00:00+00:00,18.887,10.337001,57.58802,Sunny
2023-03-10 23:00:00+00:00,18.536999,10.037001,57.69419,Sunny
2023-03-11 00:00:00+00:00,17.487,12.237,71.30926,Sunny
2023-03-11 01:00:00+00:00,18.737,12.487,67.01604,Sunny
2023-03-11 02:00:00+00:00,21.587,13.187,58.82088,Sunny
2023-03-11 03:00:00+00:00,24.437,13.437,50.31564,Sunny
2023-03-11 04:00:00+00:00,27.187,14.187,44.881996,Sunny
2023-03-11 05:00:00+00:00,29.786999,13.037001,35.80853,Sunny
2023-03-11 06:00:00+00:00,31.286999,10.837001,28.428148,Sunny
2023-03-11 07:00:00+00:00,32.137,9.337001,24.504679,Sunny
2023-03-11 08:00:00+00:00,32.037,7.637,21.964315,Sunny
2023-03-11 09:00:00+00:00,31.987,7.737,22.177181,Sunny
2023-03-11 10:00:00+00:00,30.737,8.487,25.055887,Sunny
2023-03-11 11:00:00+00:00,29.737,8.987,27.44694,Cloudy
2023-03-11 12:00:00+00:00,26.337,12.387,41.95939,Sunny
2023-03-11 13:00:00+00:00,25.137,10.137,38.815475,Sunny
2023-03-11 14:00:00+00:00,24.937,9.387,37.355125,Sunny
2023-03-11 15:00:00+00:00,23.337,10.037001,42.95135,Sunny
2023-03-11 16:00:00+00:00,21.536999,10.887,50.710346,Sunny
2023-03-11 17:00:00+00:00,20.637,11.237,54.850517,Sunny
2023-03-11 18:00:00+00:00,20.087,11.637,58.266514,Sunny
2023-03-11 19:00:00+00:00,19.036999,11.387,61.1741,Sunny
2023-03-11 20:00:00+00:00,18.487,11.287001,62.895664,Sunny
2023-03-11 21:00:00+00:00,18.587,11.187,62.090416,Sunny
2023-03-11 22:00:00+00:00,17.786999,11.437,66.37784,Sunny
2023-03-11 23:00:00+00:00,17.237,11.687,69.86659,Sunny
2023-03-12 00:00:00+00:00,18.286999,12.787001,70.29972,Sunny
2023-03-12 01:00:00+00:00,17.536999,14.137,80.46653,Sunny
2023-03-12 02:00:00+00:00,20.286999,14.287001,68.43436,Sunny
2023-03-12 03:00:00+00:00,23.637,14.787001,57.616505,Sunny
2023-03-12 04:00:00+00:00,26.536999,14.837001,48.62965,Sunny
2023-03-12 05:00:00+00:00,28.987,14.187,40.412754,Sunny
2023-03-12 06:00:00+00:00,30.737,12.837001,33.469345,Sunny
2023-03-12 07:00:00+00:00,31.887,11.387,28.496346,Sunny
2023-03-12 08:00:00+00:00,32.336998,10.687,26.519125,Sunny
2023-03-12 09:00:00+00:00,32.387,10.187,25.577345,Sunny
2023-03-12 10:00:00+00:00,32.137,9.837001,25.341003,Sunny
2023-03-12 11:00:00+00:00,30.887,13.137,33.84079,Sunny
2023-03-12 12:00:00+00:00,27.837,14.537001,44.195663,Sunny
2023-03-12 13:00:00+00:00,26.637,13.287001,43.72392,Sunny
2023-03-12 14:00:00+00:00,24.286999,13.437,50.769817,Sunny
2023-03-12 15:00:00+00:00,23.286999,13.087001,52.70154,Sunny
2023-03-12 16:00:00+00:00,23.437,12.487,50.21534,Sunny
2023-03-12 17:00:00+00:00,22.087,12.387,54.141933,Sunny
2023-03-12 18:00:00+00:00,20.437,12.437,60.10368,Sunny
2023-03-12 19:00:00+00:00,20.036999,12.537001,62.013447,Sunny
2023-03-12 20:00:00+00:00,19.887,12.737,63.41789,Sunny
2023-03-12 21:00:00+00:00,18.587,12.787001,68.99071,Sunny
2023-03-12 22:00:00+00:00,17.987,13.137,73.29433,Sunny
2023-03-12 23:00:00+00:00,16.887,13.587001,80.90315,Sunny
2023-03-13 00:00:00+00:00,16.786999,14.087001,84.10397,Sunny
2023-03-13 01:00:00+00:00,18.187,14.487,79.00998,Sunny
2023-03-13 02:00:00+00:00,21.087,15.187,69.035576,Sunny
2023-03-13 03:00:00+00:00,24.837,15.537001,56.26328,Sunny
2023-03-13 04:00:00+00:00,27.937,15.437,46.557888,Sunny
2023-03-13 05:00:00+00:00,30.137,14.937,39.696754,Sunny
2023-03-13 06:00:00+00:00,31.737,13.637,33.31025,Sunny
2023-03-13 07:00:00+00:00,32.437,12.837001,30.388834,Sunny
2023-03-13 08:00:00+00:00,32.687,12.437,29.188227,Sunny
2023-03-13 09:00:00+00:00,32.637,12.187,28.793785,Sunny
2023-03-13 10:00:00+00:00,32.487,11.687,28.09734,Sunny
2023-03-13 11:00:00+00:00,31.536999,13.187,32.717537,Sunny
2023-03-13 12:00:00+00:00,28.187,14.787001,44.006863,Sunny
2023-03-13 13:00:00+00:00,27.487,12.087001,38.45098,Sunny
2023-03-13 14:00:00+00:00,25.637,12.037001,42.739403,Sunny
2023-03-13 15:00:00+00:00,23.587,13.287001,52.43617,Sunny
2023-03-13 16:00:00+00:00,22.587,14.237,59.251217,Sunny
2023-03-13 17:00:00+00:00,22.237,14.037001,59.746464,Sunny
2023-03-13 18:00:00+00:00,21.437,13.737,61.527637,Sunny
2023-03-13 19:00:00+00:00,20.737,13.937,65.06918,Sunny
2023-03-13 20:00:00+00:00,20.337,13.787001,66.0478,Sunny
2023-03-13 21:00:00+00:00,19.337,14.337001,72.82126,Sunny
2023-03-13 22:00:00+00:00,21.237,14.087001,63.716988,Sunny
2023-03-13 23:00:00+00:00,21.137,14.087001,64.10914,Sunny
2023-03-14 00:00:00+00:00,18.087,15.287001,83.71059,Sunny
2023-03-14 01:00:00+00:00,19.237,15.987,81.471214,Sunny
2023-03-14 02:00:00+00:00,21.937,16.487,71.21415,Sunny
2023-03-14 03:00:00+00:00,24.837,17.036999,61.904114,Sunny
2023-03-14 04:00:00+00:00,27.637,17.187,52.96676,Sunny
2023-03-14 05:00:00+00:00,30.087,16.237,43.26716,Cloudy
2023-03-14 06:00:00+00:00,31.637,14.387,35.168907,Cloudy
2023-03-14 07:00:00+00:00,31.987,9.587001,25.132217,Cloudy
2023-03-14 08:00:00+00:00,30.687,11.237,30.209276,Cloudy
2023-03-14 09:00:00+00:00,31.536999,11.287001,28.876171,Cloudy
2023-03-14 10:00:00+00:00,30.737,11.437,30.524536,Cloudy
2023-03-14 11:00:00+00:00,29.786999,12.087001,33.646133,Sunny
2023-03-14 12:00:00+00:00,28.387,12.987,38.70243,Sunny
2023-03-14 13:00:00+00:00,25.987,13.337001,45.58288,Sunny
2023-03-14 14:00:00+00:00,24.036999,13.987,53.412243,Sunny
2023-03-14 15:00:00+00:00,23.337,13.937,55.531178,Sunny
2023-03-14 16:00:00+00:00,22.237,14.187,60.32984,Sunny
2023-03-14 17:00:00+00:00,20.786999,14.437,67.00342,Sunny
2023-03-14 18:00:00+00:00,20.036999,14.237,69.276,Sunny
2023-03-14 19:00:00+00:00,19.237,14.387,73.51322,Sunny
2023-03-14 20:00:00+00:00,18.437,14.737,79.045815,Sunny
2023-03-14 21:00:00+00:00,17.737,14.937,83.67039,Sunny
2023-03-14 22:00:00+00:00,17.437,14.937,85.26839,Sunny
2023-03-14 23:00:00+00:00,17.437,14.837001,84.72113,Sunny
2023-03-15 00:00:00+00:00,18.687,15.287001,80.62103,Sunny
2023-03-15 01:00:00+00:00,20.237,14.837001,71.12706,Sunny
2023-03-15 02:00:00+00:00,22.536999,15.187,63.185555,Sunny
2023-03-15 03:00:00+00:00,25.237,15.937,56.361515,Sunny
2023-03-15 04:00:00+00:00,27.687,16.187,49.56285,Sunny
2023-03-15 05:00:00+00:00,29.387,16.337,45.33422,Sunny
2023-03-15 06:00:00+00:00,30.437,15.887,41.470795,Sunny
2023-03-15 07:00:00+00:00,31.237,14.487,36.21115,Sunny
2023-03-15 08:00:00+00:00,31.837,13.587001,33.01436,Sunny
2023-03-15 09:00:00+00:00,27.437,16.587,51.58985,Rainy
2023-03-15 10:00:00+00:00,28.987,13.987,39.892452,Sunny
2023-03-15 11:00:00+00:00,29.637,13.287001,36.713253,Sunny
2023-03-15 12:00:00+00:00,27.237,16.536999,52.03236,Sunny
2023-03-15 13:00:00+00:00,25.187,14.587001,51.83623,Sunny
2023-03-15 14:00:00+00:00,24.137,15.237,57.552406,Sunny
2023-03-15 15:00:00+00:00,22.887,15.237,62.05732,Sunny
2023-03-15 16:00:00+00:00,22.087,15.137,64.73093,Sunny
2023-03-15 17:00:00+00:00,21.837,14.637,63.643284,Sunny
2023-03-15 18:00:00+00:00,21.587,14.637,64.62309,Sunny
2023-03-15 19:00:00+00:00,20.536999,15.037001,70.72664,Sunny
2023-03-15 20:00:00+00:00,19.887,15.837001,77.50108,Sunny
2023-03-15 21:00:00+00:00,19.387,16.036999,80.97221,Sunny
2023-03-15 22:00:00+00:00,18.937,15.937,82.74468,Sunny
2023-03-15 23:00:00+00:00,18.637,15.787001,83.50611,Sunny
2023-03-16 00:00:00+00:00,18.536999,16.286999,86.75492,Cloudy
2023-03-16 01:00:00+00:00,18.987,16.487,85.42961,Cloudy
2023-03-16 02:00:00+00:00,20.637,16.887,79.10637,Cloudy
2023-03-16 03:00:00+00:00,22.937,17.487,71.39772,Cloudy
2023-03-16 04:00:00+00:00,25.137,17.987,64.56304,Cloudy
2023-03-16 05:00:00+00:00,26.987,18.337,59.156307,Cloudy
2023-03-16 06:00:00+00:00,28.487,18.337,54.192806,Cloudy
2023-03-16 07:00:00+00:00,29.286999,18.187,51.254017,Cloudy
2023-03-16 08:00:00+00:00,30.286999,17.887,47.48396,Cloudy
2023-03-16 09:00:00+00:00,30.587,17.137,44.517628,Sunny
2023-03-16 10:00:00+00:00,30.587,15.987,41.379673,Sunny
2023-03-16 11:00:00+00:00,30.137,15.237,40.46981,Sunny
2023-03-16 12:00:00+00:00,25.587,17.337,60.33531,Cloudy
2023-03-16 13:00:00+00:00,24.087,16.637,63.124733,Sunny
2023-03-16 14:00:00+00:00,23.737,17.137,66.54324,Cloudy
2023-03-16 15:00:00+00:00,23.387,17.337,68.82673,Sunny
2023-03-16 16:00:00+00:00,23.087,17.387,70.30723,Cloudy
2023-03-16 17:00:00+00:00,21.937,17.237,74.68299,Cloudy
2023-03-16 18:00:00+00:00,20.837,16.786999,77.64426,Cloudy
2023-03-16 19:00:00+00:00,19.637,16.536999,82.303925,Cloudy
2023-03-16 20:00:00+00:00,19.737,16.237,80.24777,Sunny
2023-03-16 21:00:00+00:00,19.536999,16.187,80.991875,Sunny
2023-03-16 22:00:00+00:00,19.087,16.337,84.09195,Sunny
2023-03-16 23:00:00+00:00,18.987,16.387,84.887794,Sunny
2023-03-17 00:00:00+00:00,19.487,16.387,82.28549,Cloudy
2023-03-17 01:00:00+00:00,20.036999,16.837,81.83248,Cloudy
2023-03-17 02:00:00+00:00,21.337,17.337,77.965096,Cloudy
2023-03-17 03:00:00+00:00,23.487,17.137,67.55305,Cloudy
2023-03-17 04:00:00+00:00,25.487,16.786999,58.617393,Cloudy
2023-03-17 05:00:00+00:00,25.437,16.536999,57.865677,Cloudy
2023-03-17 06:00:00+00:00,27.286999,16.437,51.55117,Sunny
2023-03-17 07:00:00+00:00,28.737,15.737,45.303154,Sunny
2023-03-17 08:00:00+00:00,29.587,15.287001,41.904808,Cloudy
2023-03-17 09:00:00+00:00,28.587,14.537001,42.307426,Rainy
2023-03-17 10:00:00+00:00,27.987,15.437,46.422306,Cloudy
2023-03-17 11:00:00+00:00,27.786999,15.637,47.572983,Cloudy
2023-03-17 12:00:00+00:00,24.987,17.237,62.13402,Cloudy
2023-03-17 13:00:00+00:00,23.587,16.987,66.51237,Cloudy
2023-03-17 14:00:00+00:00,23.286999,16.837,67.0861,Sunny
2023-03-17 15:00:00+00:00,21.887,17.087,74.203636,Sunny
2023-03-17 16:00:00+00:00,20.487,17.237,81.63036,Sunny
2023-03-17 17:00:00+00:00,20.187,17.286999,83.41997,Cloudy
2023-03-17 18:00:00+00:00,20.237,17.237,82.900116,Cloudy
2023-03-17 19:00:00+00:00,19.437,17.237,87.11477,Sunny
2023-03-17 20:00:00+00:00,19.087,17.286999,89.31574,Sunny
2023-03-17 21:00:00+00:00,18.587,17.137,91.279106,Sunny
2023-03-17 22:00:00+00:00,17.786999,16.937,94.77207,Sunny
2023-03-17 23:00:00+00:00,17.437,16.687,95.36222,Sunny
2023-03-18 00:00:00+00:00,18.286999,17.587,95.69301,Sunny
2023-03-18 01:00:00+00:00,19.987,18.337,90.230095,Sunny
2023-03-18 02:00:00+00:00,21.687,18.087,80.00516,Sunny
2023-03-18 03:00:00+00:00,23.637,17.786999,69.74899,Sunny
2023-03-18 04:00:00+00:00,25.487,17.887,62.83633,Sunny
2023-03-18 05:00:00+00:00,27.187,17.587,55.77255,Sunny
2023-03-18 06:00:00+00:00,28.286999,17.286999,51.31975,Sunny
2023-03-18 07:00:00+00:00,28.837,16.637,47.70089,Sunny
2023-03-18 08:00:00+00:00,29.437,16.137,44.63117,Sunny
2023-03-18 09:00:00+00:00,29.487,16.087,44.36094,Sunny
2023-03-18 10:00:00+00:00,29.286999,15.887,44.306625,Cloudy
2023-03-18 11:00:00+00:00,28.937,15.137,43.091125,Cloudy
2023-03-18 12:00:00+00:00,25.536999,17.737,62.06119,Cloudy
2023-03-18 13:00:00+00:00,24.687,17.786999,65.49056,Cloudy
2023-03-18 14:00:00+00:00,23.737,17.637,68.678185,Cloudy
2023-03-18 15:00:00+00:00,22.737,17.786999,73.647934,Cloudy
2023-03-18 16:00:00+00:00,21.437,18.137,81.493774,Cloudy
2023-03-18 17:00:00+00:00,20.087,17.837,86.900475,Rainy
2023-03-18 18:00:00+00:00,20.087,17.737,86.35502,Cloudy
2023-03-18 19:00:00+00:00,19.687,17.837,89.08126,Rainy
2023-03-18 20:00:00+00:00,19.387,17.987,91.6176,Cloudy
2023-03-18 21:00:00+00:00,19.087,18.286999,95.1204,Rainy
2023-03-18 22:00:00+00:00,18.737,17.987,95.40716,Rainy
2023-03-18 23:00:00+00:00,18.887,17.937,94.22058,Rainy
2023-03-19 00:00:00+00:00,19.286999,18.437,94.830215,Rainy
2023-03-19 01:00:00+00:00,19.337,18.286999,93.65077,Rainy
2023-03-19 02:00:00+00:00,20.036999,18.487,90.80077,Cloudy
2023-03-19 03:00:00+00:00,21.187,18.286999,83.53494,Cloudy
2023-03-19 04:00:00+00:00,22.487,18.437,77.88995,Rainy
2023-03-19 05:00:00+00:00,24.337,18.337,69.228195,Cloudy
2023-03-19 06:00:00+00:00,25.286999,18.687,66.860176,Rainy
2023-03-19 07:00:00+00:00,26.237,18.487,62.41257,Rainy
2023-03-19 08:00:00+00:00,22.187,17.837,76.39111,Rainy
2023-03-19 09:00:00+00:00,22.237,18.887,81.340614,Rainy
2023-03-19 10:00:00+00:00,21.587,18.737,83.84229,Rainy
2023-03-19 11:00:00+00:00,21.637,18.687,83.325424,Rainy
2023-03-19 12:00:00+00:00,22.137,17.187,73.54501,Cloudy
2023-03-19 13:00:00+00:00,21.187,17.137,77.6967,Cloudy
2023-03-19 14:00:00+00:00,20.887,17.087,78.8917,Cloudy
2023-03-19 15:00:00+00:00,20.587,17.036999,80.10829,Cloudy
2023-03-19 16:00:00+00:00,20.337,17.137,81.87004,Cloudy
2023-03-19 17:00:00+00:00,19.837,17.087,84.17546,Cloudy
2023-03-19 18:00:00+00:00,19.487,16.837,84.67213,Cloudy
2023-03-19 19:00:00+00:00,18.887,16.587,86.512726,Cloudy
2023-03-19 20:00:00+00:00,18.587,16.487,87.59176,Rainy
2023-03-19 21:00:00+00:00,18.187,16.587,90.388306,Rainy
2023-03-19 22:00:00+00:00,17.786999,16.937,94.77207,Rainy
2023-03-19 23:00:00+00:00,17.786999,17.036999,95.37439,Rainy
2023-03-20 00:00:00+00:00,18.337,17.637,95.69458,Rainy
2023-03-20 01:00:00+00:00,18.637,17.837,95.104034,Rainy
2023-03-20 02:00:00+00:00,18.837,17.587,92.45471,Rainy
2023-03-20 03:00:00+00:00,19.036999,17.487,90.7336,Rainy
2023-03-20 04:00:00+00:00,19.187,17.637,90.74369,Rainy
2023-03-20 05:00:00+00:00,20.337,17.737,85.03085,Rainy
2023-03-20 06:00:00+00:00,22.536999,17.536999,73.38192,Cloudy
2023-03-20 07:00:00+00:00,23.087,17.837,72.33061,Cloudy
2023-03-20 08:00:00+00:00,23.187,18.137,73.263466,Rainy
2023-03-20 09:00:00+00:00,22.286999,17.437,74.03694,Rainy
2023-03-20 10:00:00+00:00,21.187,17.987,81.97597,Rainy
2023-03-20 11:00:00+00:00,21.087,18.286999,84.04923,Rainy
2023-03-20 12:00:00+00:00,19.437,18.187,92.48792,Rainy
2023-03-20 13:00:00+00:00,19.187,18.087,93.35014,Rainy
2023-03-20 14:00:00+00:00,18.987,17.987,93.92918,Rainy
2023-03-20 15:00:00+00:00,18.536999,17.587,94.205536,Rainy
2023-03-20 16:00:00+00:00,17.837,17.286999,96.59037,Rainy
2023-03-20 17:00:00+00:00,17.687,16.837,94.768166,Rainy
2023-03-20 18:00:00+00:00,17.587,16.837,95.36744,Cloudy
2023-03-20 19:00:00+00:00,17.387,16.737,95.967964,Cloudy
2023-03-20 20:00:00+00:00,17.087,16.687,97.4958,Cloudy
2023-03-20 21:00:00+00:00,17.536999,17.137,97.50433,Cloudy
2023-03-20 22:00:00+00:00,17.637,17.187,97.19839,Cloudy
2023-03-20 23:00:00+00:00,17.487,17.087,97.5034,Rainy
2023-03-21 00:00:00+00:00,17.737,16.887,94.77009,Rainy
2023-03-21 01:00:00+00:00,17.987,16.887,93.29081,Cloudy
2023-03-21 02:00:00+00:00,18.987,17.137,89.02594,Cloudy
2023-03-21 03:00:00+00:00,20.587,17.437,82.16029,Cloudy
2023-03-21 04:00:00+00:00,21.937,17.387,75.39428,Cloudy
2023-03-21 05:00:00+00:00,22.987,17.286999,70.28841,Rainy
2023-03-21 06:00:00+00:00,24.137,17.536999,66.625435,Rainy
2023-03-21 07:00:00+00:00,25.036999,17.487,62.935207,Rainy
2023-03-21 08:00:00+00:00,25.437,17.137,60.11025,Cloudy
2023-03-21 09:00:00+00:00,25.536999,16.887,58.81545,Cloudy
2023-03-21 10:00:00+00:00,25.337,16.437,57.841682,Cloudy
2023-03-21 11:00:00+00:00,24.687,17.087,62.659294,Cloudy
2023-03-21 12:00:00+00:00,21.237,18.337,83.54067,Cloudy
2023-03-21 13:00:00+00:00,20.387,18.137,86.92836,Cloudy
2023-03-21 14:00:00+00:00,21.487,17.387,77.49642,Cloudy
2023-03-21 15:00:00+00:00,21.337,17.237,77.473854,Cloudy
2023-03-21 16:00:00+00:00,20.786999,17.237,80.13543,Sunny
2023-03-21 17:00:00+00:00,19.087,17.087,88.19293,Cloudy
2023-03-21 18:00:00+00:00,18.337,17.087,92.42687,Cloudy
2023-03-21 19:00:00+00:00,17.536999,16.786999,95.36569,Rainy
2023-03-21 20:00:00+00:00,17.786999,17.137,95.980064,Sunny
2023-03-21 21:00:00+00:00,17.536999,16.786999,95.36569,Sunny
2023-03-21 22:00:00+00:00,16.737,16.187,96.56193,Sunny
2023-03-21 23:00:00+00:00,16.437,15.887,96.554115,Cloudy
2023-03-22 00:00:00+00:00,16.987,16.637,97.8041,Cloudy
2023-03-22 01:00:00+00:00,18.286999,17.536999,95.39168,Sunny
2023-03-22 02:00:00+00:00,20.036999,17.937,87.71995,Sunny
2023-03-22 03:00:00+00:00,21.887,17.837,77.80107,Sunny
2023-03-22 04:00:00+00:00,23.487,18.036999,71.49798,Sunny
2023-03-22 05:00:00+00:00,24.837,18.387,67.39961,Sunny
2023-03-22 06:00:00+00:00,25.837,18.687,64.7121,Sunny
2023-03-22 07:00:00+00:00,26.387,18.487,61.862278,Sunny
2023-03-22 08:00:00+00:00,26.987,18.137,58.41854,Sunny
2023-03-22 09:00:00+00:00,27.036999,16.487,52.479553,Sunny
2023-03-22 10:00:00+00:00,26.887,16.337,52.44118,Sunny
2023-03-22 11:00:00+00:00,25.987,17.036999,57.81401,Sunny
2023-03-22 12:00:00+00:00,24.536999,14.937,55.116093,Sunny
2023-03-22 13:00:00+00:00,22.286999,14.887,62.927227,Sunny
2023-03-22 14:00:00+00:00,21.337,14.737,66.04443,Sunny
2023-03-22 15:00:00+00:00,20.587,14.337001,67.39678,Sunny
2023-03-22 16:00:00+00:00,19.887,14.237,69.922516,Sunny
2023-03-22 17:00:00+00:00,19.387,14.287001,72.360725,Sunny
2023-03-22 18:00:00+00:00,18.337,14.387,77.76584,Sunny
2023-03-22 19:00:00+00:00,17.737,14.387,80.754135,Sunny
2023-03-22 20:00:00+00:00,17.987,14.137,78.218124,Sunny
2023-03-22 21:00:00+00:00,17.737,14.087001,79.20146,Sunny
2023-03-22 22:00:00+00:00,16.887,14.237,84.38789,Sunny
2023-03-22 23:00:00+00:00,16.437,14.387,87.68107,Sunny
2023-03-23 00:00:00+00:00,17.237,14.687,84.97302,Sunny
2023-03-23 01:00:00+00:00,18.437,15.337001,82.15572,Sunny
2023-03-23 02:00:00+00:00,20.286999,16.337,78.05714,Sunny
2023-03-23 03:00:00+00:00,22.237,16.737,71.0436,Sunny
2023-03-23 04:00:00+00:00,23.786999,17.237,66.76434,Sunny
2023-03-23 05:00:00+00:00,25.286999,17.687,62.792187,Sunny
2023-03-23 06:00:00+00:00,26.587,16.536999,54.05885,Sunny
2023-03-23 07:00:00+00:00,27.237,16.137,50.723907,Sunny
2023-03-23 08:00:00+00:00,27.587,15.787001,48.59646,Sunny
2023-03-23 09:00:00+00:00,27.637,15.887,48.76529,Sunny
2023-03-23 10:00:00+00:00,27.437,15.837001,49.18189,Sunny
2023-03-23 11:00:00+00:00,26.737,16.536999,53.583427,Sunny
2023-03-23 12:00:00+00:00,24.286999,18.237,69.00179,Sunny
2023-03-23 13:00:00+00:00,24.237,16.237,60.98722,Sunny
2023-03-23 14:00:00+00:00,24.687,15.787001,57.6853,Sunny
2023-03-23 15:00:00+00:00,21.237,16.437,74.09365,Sunny
2023-03-23 16:00:00+00:00,20.437,16.487,78.07932,Sunny
2023-03-23 17:00:00+00:00,19.637,16.437,81.78216,Sunny
2023-03-23 18:00:00+00:00,19.087,16.337,84.09195,Sunny
2023-03-23 19:00:00+00:00,18.337,16.286999,87.84884,Sunny
2023-03-23 20:00:00+00:00,18.437,16.286999,87.29996,Sunny
2023-03-23 21:00:00+00:00,17.737,16.087,90.06897,Sunny
2023-03-23 22:00:00+00:00,17.487,16.187,92.08528,Sunny
2023-03-23 23:00:00+00:00,17.387,16.137,92.373566,Sunny
2023-03-24 00:00:00+00:00,17.737,16.187,90.645164,Sunny
2023-03-24 01:00:00+00:00,18.987,16.286999,84.34902,Sunny
2023-03-24 02:00:00+00:00,20.487,16.737,79.08511,Sunny
2023-03-24 03:00:00+00:00,22.237,17.387,74.02845,Sunny
2023-03-24 04:00:00+00:00,24.137,17.887,68.110886,Sunny
2023-03-24 05:00:00+00:00,25.737,18.237,63.287464,Sunny
2023-03-24 06:00:00+00:00,26.837,18.487,60.24383,Sunny
2023-03-24 07:00:00+00:00,27.737,18.237,56.25933,Sunny
2023-03-24 08:00:00+00:00,28.587,16.587,48.24415,Sunny
2023-03-24 09:00:00+00:00,29.187,15.187,42.609013,Sunny
2023-03-24 10:00:00+00:00,29.036999,14.587001,41.35146,Sunny
2023-03-24 11:00:00+00:00,28.087,16.487,49.353054,Sunny
2023-03-24 12:00:00+00:00,25.937,18.286999,62.7384,Sunny
2023-03-24 13:00:00+00:00,23.837,16.487,63.472103,Sunny
2023-03-24 14:00:00+00:00,22.737,16.937,69.797676,Sunny
2023-03-24 15:00:00+00:00,21.837,17.337,75.61662,Sunny
2023-03-24 16:00:00+00:00,21.286999,17.837,80.70958,Sunny
2023-03-24 17:00:00+00:00,20.587,17.687,83.46611,Sunny
2023-03-24 18:00:00+00:00,20.187,17.587,85.01507,Sunny
2023-03-24 19:00:00+00:00,19.737,17.536999,87.14229,Sunny
2023-03-24 20:00:00+00:00,19.237,17.536999,89.89287,Sunny
2023-03-24 21:00:00+00:00,18.887,17.487,91.58687,Sunny
2023-03-24 22:00:00+00:00,18.587,17.337,92.4408,Sunny
2023-03-24 23:00:00+00:00,18.337,17.087,92.42687,Sunny
2023-03-25 00:00:00+00:00,18.487,16.887,90.409294,Sunny
2023-03-25 01:00:00+00:00,19.387,16.737,84.661354,Sunny
2023-03-25 02:00:00+00:00,20.987,17.087,78.40821,Sunny
2023-03-25 03:00:00+00:00,22.937,17.637,72.076416,Sunny
2023-03-25 04:00:00+00:00,24.837,18.137,66.35076,Sunny
2023-03-25 05:00:00+00:00,26.437,18.087,60.151756,Sunny
2023-03-25 06:00:00+00:00,27.487,18.487,57.989582,Sunny
2023-03-25 07:00:00+00:00,28.337,18.737,56.05369,Sunny
2023-03-25 08:00:00+00:00,28.887,18.837,54.632713,Sunny
2023-03-25 09:00:00+00:00,29.137,18.637,53.178894,Sunny
2023-03-25 10:00:00+00:00,29.187,18.536999,52.69459,Sunny
2023-03-25 11:00:00+00:00,28.687,18.837,55.269833,Sunny
2023-03-25 12:00:00+00:00,26.786999,20.437,68.20812,Sunny
2023-03-25 13:00:00+00:00,25.687,18.837,65.90509,Sunny
2023-03-25 14:00:00+00:00,24.187,18.587,70.95611,Sunny
2023-03-25 15:00:00+00:00,24.187,18.237,69.41679,Sunny
2023-03-25 16:00:00+00:00,22.487,18.437,77.88995,Sunny
2023-03-25 17:00:00+00:00,20.786999,18.387,86.152115,Sunny
2023-03-25 18:00:00+00:00,20.536999,18.237,86.670006,Sunny
2023-03-25 19:00:00+00:00,20.087,18.036999,88.00044,Sunny
2023-03-25 20:00:00+00:00,19.887,17.536999,86.33565,Sunny
2023-03-25 21:00:00+00:00,19.637,17.087,85.22633,Sunny
2023-03-25 22:00:00+00:00,19.137,16.887,86.81154,Sunny
2023-03-25 23:00:00+00:00,18.587,16.737,88.99419,Sunny
2023-03-26 00:00:00+00:00,18.286999,17.036999,92.42408,Sunny
2023-03-26 01:00:00+00:00,19.887,17.687,87.15605,Sunny
2023-03-26 02:00:00+00:00,21.837,18.387,80.781815,Sunny
2023-03-26 03:00:00+00:00,24.087,19.237,74.33922,Sunny
2023-03-26 04:00:00+00:00,26.137,19.887,68.50384,Sunny
2023-03-26 05:00:00+00:00,27.987,19.536999,60.132412,Sunny
2023-03-26 06:00:00+00:00,29.487,18.587,51.95204,Sunny
2023-03-26 07:00:00+00:00,30.687,17.887,46.408848,Sunny
2023-03-26 08:00:00+00:00,31.937,16.187,38.810516,Sunny
2023-03-26 09:00:00+00:00,32.137,14.837001,35.193558,Sunny
2023-03-26 10:00:00+00:00,31.887,14.387,34.67369,Sunny
2023-03-26 11:00:00+00:00,30.637,13.237,34.552376,Sunny
2023-03-26 12:00:00+00:00,29.187,13.037001,37.069366,Sunny
2023-03-26 13:00:00+00:00,27.687,12.737,39.660465,Cloudy
2023-03-26 14:00:00+00:00,26.837,12.787001,41.82366,Cloudy
2023-03-26 15:00:00+00:00,26.737,12.987,42.624348,Cloudy
2023-03-26 16:00:00+00:00,26.286999,13.287001,44.635845,Cloudy
2023-03-26 17:00:00+00:00,25.987,13.037001,44.699314,Cloudy
2023-03-26 18:00:00+00:00,25.187,13.037001,46.87328,Cloudy
2023-03-26 19:00:00+00:00,23.036999,13.387,54.561207,Cloudy
2023-03-26 20:00:00+00:00,22.687,13.087001,54.650673,Sunny
2023-03-26 21:00:00+00:00,21.887,12.837001,56.446842,Sunny
2023-03-26 22:00:00+00:00,20.887,12.937,60.406826,Sunny
2023-03-26 23:00:00+00:00,19.387,13.287001,67.8108,Sunny
2023-03-27 00:00:00+00:00,19.237,14.087001,72.09977,Sunny
2023-03-27 01:00:00+00:00,20.987,14.987,68.57353,Sunny
2023-03-27 02:00:00+00:00,23.036999,15.837001,63.906265,Sunny
2023-03-27 03:00:00+00:00,25.237,15.687,55.467873,Sunny
2023-03-27 04:00:00+00:00,27.087,15.187,48.15351,Sunny
2023-03-27 05:00:00+00:00,28.587,15.337001,44.542973,Sunny
2023-03-27 06:00:00+00:00,29.786999,14.937,40.503384,Sunny
2023-03-27 07:00:00+00:00,30.786999,13.387,34.593983,Sunny
2023-03-27 08:00:00+00:00,31.087,11.987,31.026958,Sunny
2023-03-27 09:00:00+00:00,30.937,11.737,30.782,Sunny
2023-03-27 10:00:00+00:00,30.536999,12.637,33.41394,Sunny
2023-03-27 11:00:00+00:00,29.487,13.387,37.274193,Sunny
2023-03-27 12:00:00+00:00,26.536999,14.037001,46.179756,Sunny
2023-03-27 13:00:00+00:00,24.737,12.787001,47.367607,Sunny
2023-03-27 14:00:00+00:00,22.786999,13.137,54.497864,Sunny
2023-03-27 15:00:00+00:00,21.987,12.537001,55.011803,Sunny
2023-03-27 16:00:00+00:00,20.987,12.537001,58.484646,Sunny
2023-03-27 17:00:00+00:00,20.587,12.287001,58.96655,Sunny
2023-03-27 18:00:00+00:00,20.437,10.837001,54.07657,Sunny
2023-03-27 19:00:00+00:00,20.587,8.787001,46.702534,Sunny
2023-03-27 20:00:00+00:00,20.437,8.537001,46.346493,Sunny
2023-03-27 21:00:00+00:00,19.536999,9.037001,50.685707,Sunny
2023-03-27 22:00:00+00:00,18.786999,9.637,55.297382,Sunny
2023-03-27 23:00:00+00:00,17.487,10.437,63.29881,Sunny
2023-03-28 00:00:00+00:00,17.487,11.837001,69.45587,Sunny
2023-03-28 01:00:00+00:00,19.487,12.587001,64.37605,Sunny
2023-03-28 02:00:00+00:00,21.737,13.737,60.408836,Sunny
2023-03-28 03:00:00+00:00,23.937,14.087001,54.0835,Sunny
2023-03-28 04:00:00+00:00,25.937,14.787001,50.222202,Sunny
2023-03-28 05:00:00+00:00,27.987,15.087001,45.3908,Sunny
2023-03-28 06:00:00+00:00,29.987,13.987,37.656742,Sunny
2023-03-28 07:00:00+00:00,31.437,11.187,28.848993,Sunny
2023-03-28 08:00:00+00:00,31.887,9.437,25.021664,Sunny
2023-03-28 09:00:00+00:00,31.786999,8.387,23.442667,Sunny
2023-03-28 10:00:00+00:00,31.237,9.637,26.313854,Sunny
2023-03-28 11:00:00+00:00,30.237,9.687,27.95509,Sunny
2023-03-28 12:00:00+00:00,27.337,11.287001,36.794743,Sunny
2023-03-28 13:00:00+00:00,24.087,11.587001,45.510933,Sunny
2023-03-28 14:00:00+00:00,23.187,10.887,45.868885,Sunny
2023-03-28 15:00:00+00:00,21.987,10.187,47.08749,Sunny
2023-03-28 16:00:00+00:00,21.087,9.937,48.928722,Sunny
2023-03-28 17:00:00+00:00,21.637,9.587001,46.21039,Sunny
2023-03-28 18:00:00+00:00,21.387,9.887,47.87616,Sunny
2023-03-28 19:00:00+00:00,20.937,9.737,48.724537,Sunny
2023-03-28 20:00:00+00:00,19.187,11.187,59.80739,Sunny
2023-03-28 21:00:00+00:00,18.036999,10.587001,61.758003,Sunny
2023-03-28 22:00:00+00:00,18.687,10.537001,59.094955,Sunny
2023-03-28 23:00:00+00:00,17.387,10.737,64.98507,Sunny
2023-03-29 00:00:00+00:00,17.237,11.337001,68.268585,Sunny
2023-03-29 01:00:00+00:00,19.237,12.437,64.74497,Sunny
2023-03-29 02:00:00+00:00,21.137,14.537001,66.00243,Sunny
2023-03-29 03:00:00+00:00,23.837,15.687,60.31403,Sunny
2023-03-29 04:00:00+00:00,26.237,15.237,50.788086,Sunny
2023-03-29 05:00:00+00:00,28.137,15.487,46.16597,Sunny
2023-03-29 06:00:00+00:00,29.637,15.687,42.86929,Sunny
2023-03-29 07:00:00+00:00,30.637,15.587001,40.21955,Sunny
2023-03-29 08:00:00+00:00,31.487,13.187,32.810627,Sunny
2023-03-29 09:00:00+00:00,31.887,11.237,28.214727,Sunny
2023-03-29 10:00:00+00:00,31.637,10.637,27.499853,Sunny
2023-03-29 11:00:00+00:00,30.337,13.637,36.07861,Sunny
2023-03-29 12:00:00+00:00,26.387,17.087,56.642433,Sunny
2023-03-29 13:00:00+00:00,24.837,14.637,53.10023,Sunny
2023-03-29 14:00:00+00:00,24.286999,11.487,44.671978,Sunny
2023-03-29 15:00:00+00:00,21.987,11.487,51.336708,Sunny
2023-03-29 16:00:00+00:00,21.637,11.787001,53.495224,Sunny
2023-03-29 17:00:00+00:00,20.137,11.837001,58.858307,Sunny
2023-03-29 18:00:00+00:00,19.786999,12.237,61.75299,Sunny
2023-03-29 19:00:00+00:00,19.387,13.137,67.150505,Sunny
2023-03-29 20:00:00+00:00,19.337,13.387,68.46679,Sunny
2023-03-29 21:00:00+00:00,18.687,13.437,71.53247,Sunny
2023-03-29 22:00:00+00:00,18.286999,14.537001,78.76969,Sunny
2023-03-29 23:00:00+00:00,18.237,16.737,90.967636,Sunny
2023-03-30 00:00:00+00:00,18.487,17.536999,94.20335,Sunny
2023-03-30 01:00:00+00:00,20.036999,18.786999,92.52091,Sunny
2023-03-30 02:00:00+00:00,21.937,19.237,84.66917,Sunny
2023-03-30 03:00:00+00:00,23.837,18.687,72.91827,Sunny
2023-03-30 04:00:00+00:00,25.487,18.536999,65.45271,Sunny
2023-03-30 05:00:00+00:00,27.286999,18.786999,59.78443,Sunny
2023-03-30 06:00:00+00:00,28.687,18.637,54.583145,Sunny
2023-03-30 07:00:00+00:00,29.687,18.587,51.35665,Sunny
2023-03-30 08:00:00+00:00,30.437,17.786999,46.782135,Sunny
2023-03-30 09:00:00+00:00,30.737,16.987,43.720222,Sunny
2023-03-30 10:00:00+00:00,30.437,16.587,43.362453,Sunny
2023-03-30 11:00:00+00:00,29.937,16.837,45.338474,Sunny
2023-03-30 12:00:00+00:00,27.536999,18.487,57.820168,Sunny
2023-03-30 13:00:00+00:00,25.337,18.437,65.626595,Sunny
2023-03-30 14:00:00+00:00,24.387,18.087,67.94666,Sunny
2023-03-30 15:00:00+00:00,24.036999,17.687,67.663506,Sunny
2023-03-30 16:00:00+00:00,23.487,17.387,68.629196,Sunny
2023-03-30 17:00:00+00:00,22.937,17.237,70.27901,Sunny
2023-03-30 18:00:00+00:00,22.487,17.087,71.54144,Sunny
2023-03-30 19:00:00+00:00,22.337,17.087,72.19678,Sunny
2023-03-30 20:00:00+00:00,22.036999,17.137,73.76085,Sunny
2023-03-30 21:00:00+00:00,21.487,17.036999,75.799866,Sunny
2023-03-30 22:00:00+00:00,21.137,16.937,76.95459,Cloudy
2023-03-30 23:00:00+00:00,20.887,16.737,77.160645,Sunny
2023-03-31 00:00:00+00:00,20.687,16.887,78.8631,Sunny
2023-03-31 01:00:00+00:00,21.437,17.087,76.27339,Sunny
2023-03-31 02:00:00+00:00,22.887,17.437,71.38859,Cloudy
2023-03-31 03:00:00+00:00,24.187,17.837,67.69354,Cloudy
2023-03-31 04:00:00+00:00,24.937,17.937,65.13221,Cloudy
2023-03-31 05:00:00+00:00,26.786999,18.237,59.48174,Cloudy
2023-03-31 06:00:00+00:00,28.087,18.487,55.992767,Cloudy
2023-03-31 07:00:00+00:00,29.187,18.387,52.20178,Cloudy
2023-03-31 08:00:00+00:00,29.536999,18.637,51.96478,Cloudy
2023-03-31 09:00:00+00:00,29.887,18.737,51.247494,Cloudy
2023-03-31 10:00:00+00:00,28.937,18.437,53.12852,Cloudy
2023-03-31 11:00:00+00:00,24.286999,19.137,72.99655,Rainy
2023-03-31 12:00:00+00:00,21.937,18.987,83.36003,Rainy
2023-03-31 13:00:00+00:00,21.937,18.937,83.10034,Cloudy
2023-03-31 14:00:00+00:00,20.987,19.087,88.90532,Sunny
2023-03-31 15:00:00+00:00,20.487,19.337,93.123375,Sunny
2023-03-31 16:00:00+00:00,19.487,18.687,95.1349,Cloudy
2023-03-31 17:00:00+00:00,20.087,19.137,94.271706,Cloudy
2023-03-31 18:00:00+00:00,19.887,19.237,96.04282,Cloudy
2023-03-31 19:00:00+00:00,19.237,18.837,97.536224,Cloudy
2023-03-31 20:00:00+00:00,19.587,19.137,97.23927,Rainy
2023-03-31 21:00:00+00:00,19.937,19.437,96.944756,Rainy
2023-03-31 22:00:00+00:00,19.987,19.237,95.44975,Rainy
2023-03-31 23:00:00+00:00,19.487,18.937,96.63244,Cloudy
2023-04-01 00:00:00+00:00,19.137,17.637,91.02684,Sunny
2023-04-01 01:00:00+00:00,19.837,18.137,89.93668,Cloudy
2023-04-01 02:00:00+00:00,20.786999,18.437,86.422485,Sunny
2023-04-01 03:00:00+00:00,22.786999,18.637,77.44838,Sunny
2023-04-01 04:00:00+00:00,24.687,18.137,66.94788,Sunny
2023-04-01 05:00:00+00:00,26.137,17.837,60.271927,Sunny
2023-04-01 06:00:00+00:00,26.987,17.937,57.688885,Sunny
2023-04-01 07:00:00+00:00,27.637,17.536999,54.150887,Sunny
2023-04-01 08:00:00+00:00,28.387,16.687,49.119064,Sunny
2023-04-01 09:00:00+00:00,28.337,16.187,47.71966,Sunny
2023-04-01 10:00:00+00:00,26.837,16.687,53.779217,Sunny
2023-04-01 11:00:00+00:00,20.737,18.286999,85.87751,Rainy
2023-04-01 12:00:00+00:00,22.137,17.987,77.35053,Cloudy
2023-04-01 13:00:00+00:00,21.387,19.286999,87.837524,Sunny
2023-04-01 14:00:00+00:00,20.087,18.536999,90.80409,Sunny
2023-04-01 15:00:00+00:00,19.737,18.887,94.84744,Sunny
2023-04-01 16:00:00+00:00,19.036999,18.337,95.71712,Sunny
2023-04-01 17:00:00+00:00,18.737,18.087,96.008644,Sunny
2023-04-01 18:00:00+00:00,17.937,17.487,97.204735,Sunny
2023-04-01 19:00:00+00:00,17.887,17.237,95.98309,Sunny
2023-04-01 20:00:00+00:00,17.837,17.036999,95.07462,Rainy
2023-04-01 21:00:00+00:00,17.087,16.786999,98.11661,Sunny
2023-04-01 22:00:00+00:00,16.786999,16.687,99.36727,Sunny
2023-04-01 23:00:00+00:00,16.437,16.437,100.0,Cloudy
2023-04-02 00:00:00+00:00,16.687,16.237,97.17812,Sunny
2023-04-02 01:00:00+00:00,18.536999,16.887,90.1267,Sunny
2023-04-02 02:00:00+00:00,20.437,17.587,83.71243,Sunny
2023-04-02 03:00:00+00:00,22.637,17.987,75.03438,Sunny
2023-04-02 04:00:00+00:00,24.387,18.036999,67.73351,Sunny
2023-04-02 05:00:00+00:00,25.687,17.737,61.511135,Sunny
2023-04-02 06:00:00+00:00,26.786999,17.637,57.278957,Cloudy
2023-04-02 07:00:00+00:00,28.087,15.637,46.74764,Cloudy
2023-04-02 08:00:00+00:00,27.637,14.437,44.427227,Sunny
2023-04-02 09:00:00+00:00,28.237,14.687,43.596992,Cloudy
2023-04-02 10:00:00+00:00,27.587,14.837001,45.722107,Sunny
2023-04-02 11:00:00+00:00,26.937,15.237,48.735916,Sunny
2023-04-02 12:00:00+00:00,25.737,16.036999,55.062435,Sunny
2023-04-02 13:00:00+00:00,23.036999,16.286999,65.767784,Sunny
2023-04-02 14:00:00+00:00,21.887,16.637,72.116035,Sunny
2023-04-02 15:00:00+00:00,21.387,16.187,72.255936,Sunny
2023-04-02 16:00:00+00:00,20.987,15.837001,72.41516,Sunny
2023-04-02 17:00:00+00:00,20.087,16.087,77.77907,Sunny
2023-04-02 18:00:00+00:00,19.587,15.887,79.20957,Sunny
2023-04-02 19:00:00+00:00,19.637,15.787001,78.46093,Sunny
2023-04-02 20:00:00+00:00,18.637,15.737,83.23951,Sunny
2023-04-02 21:00:00+00:00,17.887,15.687,86.97106,Sunny
2023-04-02 22:00:00+00:00,17.437,15.787001,90.04719,Sunny
2023-04-02 23:00:00+00:00,16.987,15.587001,91.46857,Sunny
2023-04-03 00:00:00+00:00,17.837,16.087,89.503624,Sunny
2023-04-03 01:00:00+00:00,19.637,16.786999,83.62118,Sunny
2023-04-03 02:00:00+00:00,22.536999,18.087,75.96724,Sunny
2023-04-03 03:00:00+00:00,24.737,17.286999,63.26772,Sunny
2023-04-03 04:00:00+00:00,26.437,17.187,56.83408,Sunny
2023-04-03 05:00:00+00:00,27.887,16.887,51.216553,Sunny
2023-04-03 06:00:00+00:00,29.337,15.837001,44.037937,Sunny
2023-04-03 07:00:00+00:00,30.437,13.937,36.578224,Sunny
2023-04-03 08:00:00+00:00,30.837,13.787001,35.40457,Sunny
2023-04-03 09:00:00+00:00,31.387,13.387,33.4308,Sunny
2023-04-03 10:00:00+00:00,31.687,11.887,29.789022,Sunny
2023-04-03 11:00:00+00:00,30.286999,13.237,35.25188,Sunny
2023-04-03 12:00:00+00:00,27.387,14.887,46.409683,Sunny
2023-04-03 13:00:00+00:00,25.837,12.637,43.933224,Sunny
2023-04-03 14:00:00+00:00,26.337,12.737,42.933407,Sunny
2023-04-03 15:00:00+00:00,23.087,14.087001,56.927322,Sunny
2023-04-03 16:00:00+00:00,21.487,15.937,70.67831,Sunny
2023-04-03 17:00:00+00:00,21.237,16.387,73.85828,Sunny
2023-04-03 18:00:00+00:00,20.437,16.687,79.07802,Sunny
2023-04-03 19:00:00+00:00,19.837,16.987,83.64406,Sunny
2023-04-03 20:00:00+00:00,19.687,17.237,85.77239,Sunny
2023-04-03 21:00:00+00:00,19.286999,17.187,87.65388,Sunny
2023-04-03 22:00:00+00:00,19.137,16.887,86.81154,Sunny
2023-04-03 23:00:00+00:00,18.987,16.737,86.797424,Sunny
2023-04-04 00:00:00+00:00,19.137,17.536999,90.45461,Sunny
2023-04-04 01:00:00+00:00,20.237,17.587,84.75272,Sunny
2023-04-04 02:00:00+00:00,21.737,17.786999,78.27021,Sunny
2023-04-04 03:00:00+00:00,23.637,18.237,71.75008,Sunny
2023-04-04 04:00:00+00:00,25.536999,18.536999,65.25863,Sunny
2023-04-04 05:00:00+00:00,27.187,18.737,59.948414,Sunny
2023-04-04 06:00:00+00:00,28.387,18.887,56.417164,Sunny
2023-04-04 07:00:00+00:00,29.437,19.036999,53.58762,Sunny
2023-04-04 08:00:00+00:00,30.387,19.137,51.056435,Sunny
2023-04-04 09:00:00+00:00,31.286999,18.786999,47.450813,Sunny
2023-04-04 10:00:00+00:00,30.536999,15.737,40.84053,Sunny
2023-04-04 11:00:00+00:00,30.337,17.087,45.01686,Sunny
2023-04-04 12:00:00+00:00,28.387,16.637,48.96332,Sunny
2023-04-04 13:00:00+00:00,25.786999,15.237,52.15868,Sunny
2023-04-04 14:00:00+00:00,25.237,14.237,50.52626,Sunny
2023-04-04 15:00:00+00:00,23.937,16.137,61.70093,Sunny
2023-04-04 16:00:00+00:00,22.536999,19.237,81.63264,Sunny
2023-04-04 17:00:00+00:00,21.437,19.087,86.484695,Sunny
2023-04-04 18:00:00+00:00,21.087,18.637,85.91229,Sunny
2023-04-04 19:00:00+00:00,20.637,18.637,88.3234,Sunny
2023-04-04 20:00:00+00:00,20.237,18.687,90.81408,Sunny
2023-04-04 21:00:00+00:00,19.786999,18.687,93.37948,Sunny
2023-04-04 22:00:00+00:00,19.337,18.536999,95.12948,Sunny
2023-04-04 23:00:00+00:00,18.987,18.286999,95.71548,Sunny
2023-04-05 00:00:00+00:00,19.437,18.587,94.83598,Sunny
2023-04-05 01:00:00+00:00,20.536999,18.587,88.59191,Sunny
2023-04-05 02:00:00+00:00,22.187,18.786999,81.080574,Sunny
2023-04-05 03:00:00+00:00,24.337,19.237,73.232925,Sunny
2023-04-05 04:00:00+00:00,26.237,19.587,66.84454,Sunny
2023-04-05 05:00:00+00:00,28.137,19.187,58.325104,Sunny
2023-04-05 06:00:00+00:00,29.887,17.536999,47.527576,Sunny
2023-04-05 07:00:00+00:00,30.887,16.286999,41.461945,Sunny
2023-04-05 08:00:00+00:00,32.037,13.887,33.284855,Sunny
2023-04-05 09:00:00+00:00,32.287,12.937,30.848465,Sunny
2023-04-05 10:00:00+00:00,32.437,11.837001,28.456978,Sunny
2023-04-05 11:00:00+00:00,31.587,12.587001,31.369335,Sunny
2023-04-05 12:00:00+00:00,29.737,8.637,26.805792,Sunny
2023-04-05 13:00:00+00:00,29.786999,6.837,23.644602,Sunny
2023-04-05 14:00:00+00:00,29.687,6.037,22.507113,Sunny
2023-04-05 15:00:00+00:00,28.137,5.787,24.199408,Sunny
2023-04-05 16:00:00+00:00,23.837,7.787,35.80575,Sunny
2023-04-05 17:00:00+00:00,22.437,8.387,40.589397,Sunny
2023-04-05 18:00:00+00:00,21.036999,9.287001,46.984436,Sunny
2023-04-05 19:00:00+00:00,21.036999,9.237,46.826622,Sunny
2023-04-05 20:00:00+00:00,20.937,9.337001,47.433292,Sunny
2023-04-05 21:00:00+00:00,18.837,9.987,56.43286,Sunny
2023-04-05 22:00:00+00:00,18.137,10.587001,61.37125,Sunny
2023-04-05 23:00:00+00:00,17.187,11.087001,67.35965,Sunny
2023-04-06 00:00:00+00:00,16.737,12.237,74.775894,Sunny
2023-04-06 01:00:00+00:00,18.837,13.787001,72.49643,Sunny
2023-04-06 02:00:00+00:00,21.937,16.536999,71.4409,Sunny
2023-04-06 03:00:00+00:00,24.536999,17.687,65.665695,Sunny
2023-04-06 04:00:00+00:00,26.737,17.087,55.48604,Sunny
2023-04-06 05:00:00+00:00,28.487,16.786999,49.145348,Sunny
2023-04-06 06:00:00+00:00,30.036999,16.187,43.25354,Sunny
2023-04-06 07:00:00+00:00,31.587,13.137,32.51845,Sunny
2023-04-06 08:00:00+00:00,32.787,8.887,22.91664,Sunny
2023-04-06 09:00:00+00:00,33.336998,6.987,19.526003,Sunny
2023-04-06 10:00:00+00:00,33.037,7.137,20.062681,Sunny
2023-04-06 11:00:00+00:00,31.637,10.187,26.68691,Sunny
2023-04-06 12:00:00+00:00,31.036999,10.587001,28.360338,Sunny
2023-04-06 13:00:00+00:00,24.737,13.737,50.394733,Sunny
2023-04-06 14:00:00+00:00,24.637,12.837001,47.807713,Sunny
2023-04-06 15:00:00+00:00,23.587,12.437,49.60026,Sunny
2023-04-06 16:00:00+00:00,22.237,12.687,54.715496,Sunny
2023-04-06 17:00:00+00:00,21.587,13.587001,60.373787,Sunny
2023-04-06 18:00:00+00:00,21.187,15.787001,71.30303,Sunny
2023-04-06 19:00:00+00:00,20.337,16.487,78.56278,Sunny
2023-04-06 20:00:00+00:00,19.737,16.286999,80.5038,Sunny
2023-04-06 21:00:00+00:00,19.487,15.887,79.70322,Sunny
2023-04-06 22:00:00+00:00,19.187,15.587001,79.66157,Sunny
2023-04-06 23:00:00+00:00,19.137,15.437,79.14573,Sunny
2023-04-07 00:00:00+00:00,19.637,16.286999,81.00495,Sunny
2023-04-07 01:00:00+00:00,21.137,16.587,75.264114,Sunny
2023-04-07 02:00:00+00:00,22.937,17.187,70.05711,Sunny
2023-04-07 03:00:00+00:00,24.937,18.036999,65.54296,Sunny
2023-04-07 04:00:00+00:00,27.286999,18.187,57.57959,Sunny
2023-04-07 05:00:00+00:00,29.237,17.637,49.654266,Sunny
2023-04-07 06:00:00+00:00,30.737,16.837,43.306484,Sunny
2023-04-07 07:00:00+00:00,31.737,16.087,39.003567,Sunny
2023-04-07 08:00:00+00:00,32.537,14.337001,33.314693,Sunny
2023-04-07 09:00:00+00:00,32.987,12.787001,29.365477,Sunny
2023-04-07 10:00:00+00:00,33.086998,12.087001,27.889729,Sunny
2023-04-07 11:00:00+00:00,32.287,14.387,33.897636,Sunny
2023-04-07 12:00:00+00:00,29.036999,15.437,43.675426,Sunny
2023-04-07 13:00:00+00:00,29.786999,13.687,37.357677,Sunny
2023-04-07 14:00:00+00:00,25.286999,16.286999,57.46265,Sunny
2023-04-07 15:00:00+00:00,24.887,15.437,55.737267,Sunny
2023-04-07 16:00:00+00:00,23.487,15.437,60.62026,Sunny
2023-04-07 17:00:00+00:00,22.337,15.737,66.25349,Sunny
2023-04-07 18:00:00+00:00,22.237,15.687,66.444954,Sunny
2023-04-07 19:00:00+00:00,21.286999,15.787001,70.86706,Sunny
2023-04-07 20:00:00+00:00,20.837,15.737,72.620255,Sunny
2023-04-07 21:00:00+00:00,20.187,15.637,75.10824,Sunny
2023-04-07 22:00:00+00:00,19.587,15.537001,77.45557,Sunny
2023-04-07 23:00:00+00:00,20.036999,15.437,74.843254,Sunny
2023-04-08 00:00:00+00:00,20.237,16.937,81.34056,Sunny
2023-04-08 01:00:00+00:00,21.637,17.437,77.03134,Sunny
2023-04-08 02:00:00+00:00,23.937,18.337,70.91,Sunny
2023-04-08 03:00:00+00:00,26.487,18.687,62.272964,Sunny
2023-04-08 04:00:00+00:00,28.786999,18.987,55.467197,Sunny
2023-04-08 05:00:00+00:00,30.687,18.687,48.797047,Sunny
2023-04-08 06:00:00+00:00,31.937,18.337,44.461155,Sunny
2023-04-08 07:00:00+00:00,32.787,17.137,39.29206,Sunny
2023-04-08 08:00:00+00:00,33.586998,14.137,31.002089,Cloudy
2023-04-08 09:00:00+00:00,33.887,11.537001,25.717443,Cloudy
2023-04-08 10:00:00+00:00,33.787,10.237,23.721764,Sunny
2023-04-08 11:00:00+00:00,32.836998,12.737,29.517532,Cloudy
2023-04-08 12:00:00+00:00,31.637,13.837001,33.937973,Cloudy
2023-04-08 13:00:00+00:00,28.937,14.987,42.6775,Cloudy
2023-04-08 14:00:00+00:00,25.587,17.587,61.295,Cloudy
2023-04-08 15:00:00+00:00,24.637,17.937,66.309586,Cloudy
2023-04-08 16:00:00+00:00,24.487,17.687,65.86245,Cloudy
2023-04-08 17:00:00+00:00,23.687,17.837,69.75853,Sunny
2023-04-08 18:00:00+00:00,22.737,17.437,72.04053,Sunny
2023-04-08 19:00:00+00:00,23.786999,16.837,65.09434,Sunny
2023-04-08 20:00:00+00:00,21.587,16.887,74.62476,Sunny
2023-04-08 21:00:00+00:00,20.437,17.036999,80.85277,Sunny
2023-04-08 22:00:00+00:00,18.987,17.237,89.59089,Sunny
2023-04-08 23:00:00+00:00,18.587,17.137,91.279106,Sunny
2023-04-09 00:00:00+00:00,18.837,17.786999,93.627235,Sunny
2023-04-09 01:00:00+00:00,21.687,18.587,82.55308,Sunny
2023-04-09 02:00:00+00:00,24.937,19.637,72.431786,Sunny
2023-04-09 03:00:00+00:00,27.536999,19.286999,60.781628,Sunny
2023-04-09 04:00:00+00:00,29.437,19.237,54.259705,Sunny
2023-04-09 05:00:00+00:00,30.987,18.487,47.37154,Sunny
2023-04-09 06:00:00+00:00,32.487,16.337,37.98348,Sunny
2023-04-09 07:00:00+00:00,33.787,13.837001,30.066597,Sunny
2023-04-09 08:00:00+00:00,34.687,11.087001,23.874653,Sunny
2023-04-09 09:00:00+00:00,35.086998,9.637,21.19798,Sunny
2023-04-09 10:00:00+00:00,34.937,9.787001,21.590954,Sunny
2023-04-09 11:00:00+00:00,32.887,14.187,32.348774,Sunny
2023-04-09 12:00:00+00:00,30.387,19.187,51.215748,Sunny
2023-04-09 13:00:00+00:00,30.837,16.637,42.516582,Sunny
2023-04-09 14:00:00+00:00,28.786999,15.087001,43.32781,Sunny
2023-04-09 15:00:00+00:00,25.587,11.437,41.202282,Sunny
2023-04-09 16:00:00+00:00,26.887,9.387,33.2812,Sunny
2023-04-09 17:00:00+00:00,26.187,9.137,34.104538,Sunny
2023-04-09 18:00:00+00:00,24.337,9.987,40.309223,Sunny
2023-04-09 19:00:00+00:00,22.487,10.737,47.38158,Sunny
2023-04-09 20:00:00+00:00,21.837,10.887,49.78893,Sunny
2023-04-09 21:00:00+00:00,20.887,11.637,55.461113,Sunny
2023-04-09 22:00:00+00:00,19.737,12.787001,64.22026,Sunny
2023-04-09 23:00:00+00:00,18.937,13.837001,72.27947,Sunny
2023-04-10 00:00:00+00:00,18.687,15.287001,80.62103,Sunny
2023-04-10 01:00:00+00:00,21.187,16.036999,72.45088,Sunny
2023-04-10 02:00:00+00:00,23.837,16.687,64.28396,Sunny
2023-04-10 03:00:00+00:00,26.887,15.487,49.669624,Sunny
2023-04-10 04:00:00+00:00,29.737,15.337001,41.677826,Sunny
2023-04-10 05:00:00+00:00,32.086998,14.137,33.7331,Sunny
2023-04-10 06:00:00+00:00,33.937,12.587001,27.480917,Sunny
2023-04-10 07:00:00+00:00,35.437,8.387,19.11103,Sunny
2023-04-10 08:00:00+00:00,35.836998,7.537,17.644255,Sunny
2023-04-10 09:00:00+00:00,35.887,6.537,16.430857,Sunny
2023-04-10 10:00:00+00:00,34.887,6.287,17.06805,Sunny
2023-04-10 11:00:00+00:00,33.836998,6.037,17.786034,Sunny
2023-04-10 12:00:00+00:00,32.086998,5.437,18.827011,Sunny
2023-04-10 13:00:00+00:00,31.687,3.087,16.33584,Sunny
2023-04-10 14:00:00+00:00,29.437,3.387,18.978415,Sunny
2023-04-10 15:00:00+00:00,26.036999,5.237,26.350134,Sunny
2023-04-10 16:00:00+00:00,25.337,4.737,26.52744,Sunny
2023-04-10 17:00:00+00:00,24.587,4.337,26.976192,Sunny
2023-04-10 18:00:00+00:00,24.187,4.187,27.341536,Sunny
2023-04-10 19:00:00+00:00,24.087,4.537,28.188164,Sunny
2023-04-10 20:00:00+00:00,23.737,5.587,30.969727,Sunny
2023-04-10 21:00:00+00:00,23.187,6.137,33.25519,Sunny
2023-04-10 22:00:00+00:00,22.337,6.387,35.622494,Sunny
2023-04-10 23:00:00+00:00,21.237,6.587,38.625874,Sunny
2023-04-11 00:00:00+00:00,18.687,10.187,57.731174,Sunny
2023-04-11 01:00:00+00:00,21.487,11.087001,51.545574,Sunny
2023-04-11 02:00:00+00:00,24.087,11.837001,46.268143,Sunny
2023-04-11 03:00:00+00:00,26.837,11.487,38.39556,Sunny
2023-04-11 04:00:00+00:00,29.237,11.437,33.272373,Sunny
2023-04-11 05:00:00+00:00,31.087,11.587001,30.218979,Sunny
2023-04-11 06:00:00+00:00,32.687,11.737,27.874104,Sunny
2023-04-11 07:00:00+00:00,33.937,11.087001,24.89288,Sunny
2023-04-11 08:00:00+00:00,34.737,9.787001,21.831844,Sunny
2023-04-11 09:00:00+00:00,34.987,7.337,18.241777,Sunny
2023-04-11 10:00:00+00:00,34.537,8.437,20.156517,Sunny
2023-04-11 11:00:00+00:00,32.687,13.237,30.756628,Sunny
2023-04-11 12:00:00+00:00,28.987,14.337001,40.80688,Sunny
2023-04-11 13:00:00+00:00,26.937,13.437,43.380867,Sunny
2023-04-11 14:00:00+00:00,25.337,13.687,48.46657,Sunny
2023-04-11 15:00:00+00:00,23.887,13.487,52.17322,Sunny
2023-04-11 16:00:00+00:00,23.137,12.887,52.490845,Sunny
2023-04-11 17:00:00+00:00,22.187,12.487,54.16746,Sunny
2023-04-11 18:00:00+00:00,20.786999,13.437,62.795116,Sunny
2023-04-11 19:00:00+00:00,19.587,14.037001,70.31919,Sunny
2023-04-11 20:00:00+00:00,19.137,13.837001,71.38352,Sunny
2023-04-11 21:00:00+00:00,19.387,14.037001,71.19876,Sunny
2023-04-11 22:00:00+00:00,18.437,14.787001,79.300964,Sunny
2023-04-11 23:00:00+00:00,18.687,14.737,77.81853,Sunny
2023-04-12 00:00:00+00:00,19.587,16.337,81.515976,Sunny
2023-04-12 01:00:00+00:00,22.536999,16.687,69.53838,Sunny
2023-04-12 02:00:00+00:00,25.087,17.786999,63.94587,Sunny
2023-04-12 03:00:00+00:00,27.637,18.387,57.12394,Sunny
2023-04-12 04:00:00+00:00,30.036999,17.536999,47.119595,Sunny
2023-04-12 05:00:00+00:00,31.786999,16.487,39.89678,Sunny
2023-04-12 06:00:00+00:00,33.037,15.587001,35.10302,Sunny
2023-04-12 07:00:00+00:00,33.887,14.887,31.99923,Sunny
2023-04-12 08:00:00+00:00,34.737,12.787001,26.630352,Sunny
2023-04-12 09:00:00+00:00,35.387,10.337001,21.8488,Sunny
2023-04-12 10:00:00+00:00,35.187,10.087001,21.725965,Sunny
2023-04-12 11:00:00+00:00,33.987,13.787001,29.636204,Sunny
2023-04-12 12:00:00+00:00,29.737,19.387,53.829807,Sunny
2023-04-12 13:00:00+00:00,27.337,16.536999,51.728256,Sunny
2023-04-12 14:00:00+00:00,26.137,16.036999,53.77372,Sunny
2023-04-12 15:00:00+00:00,25.987,14.637,49.591816,Sunny
2023-04-12 16:00:00+00:00,24.737,14.387,52.562805,Sunny
2023-04-12 17:00:00+00:00,22.786999,15.087001,61.835674,Sunny
2023-04-12 18:00:00+00:00,22.437,15.287001,63.98015,Sunny
2023-04-12 19:00:00+00:00,22.437,14.887,62.35581,Sunny
2023-04-12 20:00:00+00:00,21.437,15.037001,66.92138,Sunny
2023-04-12 21:00:00+00:00,21.036999,15.387,70.14264,Sunny
2023-04-12 22:00:00+00:00,21.286999,15.587001,69.965866,Sunny
2023-04-12 23:00:00+00:00,21.387,15.387,68.65271,Sunny
2023-04-13 00:00:00+00:00,21.286999,16.387,73.63219,Sunny
2023-04-13 01:00:00+00:00,23.036999,16.536999,66.822426,Sunny
2023-04-13 02:00:00+00:00,25.387,17.237,60.671757,Sunny
2023-04-13 03:00:00+00:00,27.987,17.837,54.067963,Sunny
2023-04-13 04:00:00+00:00,30.237,18.237,48.679146,Sunny
2023-04-13 05:00:00+00:00,32.187,17.687,42.081524,Sunny
2023-04-13 06:00:00+00:00,33.437,17.087,37.76365,Sunny
2023-04-13 07:00:00+00:00,34.287,16.487,34.66704,Sunny
2023-04-13 08:00:00+00:00,34.836998,16.087,32.777386,Sunny
2023-04-13 09:00:00+00:00,35.137,15.787001,31.625172,Sunny
2023-04-13 10:00:00+00:00,34.987,15.037001,30.391573,Sunny
2023-04-13 11:00:00+00:00,33.787,16.837,36.449104,Sunny
2023-04-13 12:00:00+00:00,30.587,18.937,49.849453,Sunny
2023-04-13 13:00:00+00:00,28.337,17.187,50.84814,Sunny
2023-04-13 14:00:00+00:00,26.937,16.187,51.789986,Sunny
2023-04-13 15:00:00+00:00,25.487,15.937,55.52988,Sunny
2023-04-13 16:00:00+00:00,24.637,15.837001,58.043217,Sunny
2023-04-13 17:00:00+00:00,23.536999,16.187,63.406242,Sunny
2023-04-13 18:00:00+00:00,23.036999,16.237,65.558624,Sunny
2023-04-13 19:00:00+00:00,22.036999,16.837,72.37221,Sunny
2023-04-13 20:00:00+00:00,22.437,16.937,71.08057,Sunny
2023-04-13 21:00:00+00:00,22.536999,17.036999,71.09904,Sunny
2023-04-13 22:00:00+00:00,22.536999,16.887,70.42645,Sunny
2023-04-13 23:00:00+00:00,22.387,16.637,69.95263,Sunny
2023-04-14 00:00:00+00:00,22.637,17.637,73.39917,Cloudy
2023-04-14 01:00:00+00:00,24.837,17.887,65.31626,Sunny
2023-04-14 02:00:00+00:00,27.137,18.737,60.12454,Sunny
2023-04-14 03:00:00+00:00,29.737,19.187,53.163815,Sunny
2023-04-14 04:00:00+00:00,31.637,19.337,48.138973,Sunny
2023-04-14 05:00:00+00:00,33.187,19.237,43.831757,Sunny
2023-04-14 06:00:00+00:00,34.387,18.837,39.97824,Sunny
2023-04-14 07:00:00+00:00,35.187,18.286999,36.94803,Sunny
2023-04-14 08:00:00+00:00,35.737,17.786999,34.73386,Sunny
2023-04-14 09:00:00+00:00,35.987,17.087,32.777874,Sunny
2023-04-14 10:00:00+00:00,35.937,16.237,31.140827,Sunny
2023-04-14 11:00:00+00:00,34.836998,18.487,38.146732,Cloudy
2023-04-14 12:00:00+00:00,31.337,23.187,62.00652,Sunny
2023-04-14 13:00:00+00:00,28.837,21.187,63.371136,Cloudy
2023-04-14 14:00:00+00:00,28.137,19.786999,60.541203,Sunny
2023-04-14 15:00:00+00:00,27.887,19.036999,58.630737,Sunny
2023-04-14 16:00:00+00:00,26.687,18.987,62.707546,Sunny
2023-04-14 17:00:00+00:00,26.137,19.187,65.58845,Cloudy
2023-04-14 18:00:00+00:00,26.187,18.837,63.982643,Cloudy
2023-04-14 19:00:00+00:00,26.337,18.137,60.69806,Cloudy
2023-04-14 20:00:00+00:00,25.937,17.987,61.567535,Cloudy
2023-04-14 21:00:00+00:00,25.286999,17.987,63.98912,Cloudy
2023-04-14 22:00:00+00:00,24.737,17.987,66.12203,Cloudy
2023-04-14 23:00:00+00:00,23.987,17.937,68.94357,Cloudy
2023-04-15 00:00:00+00:00,23.937,18.837,73.163895,Cloudy
2023-04-15 01:00:00+00:00,25.437,19.437,69.439095,Cloudy
2023-04-15 02:00:00+00:00,27.786999,20.387,64.12664,Cloudy
2023-04-15 03:00:00+00:00,30.487,20.987,56.922222,Cloudy
2023-04-15 04:00:00+00:00,32.586998,21.286999,51.458817,Sunny
2023-04-15 05:00:00+00:00,34.137,20.937,46.172623,Sunny
2023-04-15 06:00:00+00:00,35.336998,19.987,40.737923,Cloudy
2023-04-15 07:00:00+00:00,36.287,17.637,33.381763,Sunny
2023-04-15 08:00:00+00:00,36.937,15.937,28.920162,Sunny
2023-04-15 09:00:00+00:00,37.086998,14.887,26.816355,Sunny
2023-04-15 10:00:00+00:00,36.787,14.937,27.34749,Cloudy
2023-04-15 11:00:00+00:00,35.237,17.237,34.48828,Cloudy
2023-04-15 12:00:00+00:00,32.537,17.737,41.388046,Sunny
2023-04-15 13:00:00+00:00,29.887,16.286999,43.906933,Sunny
2023-04-15 14:00:00+00:00,31.337,15.587001,38.64514,Sunny
2023-04-15 15:00:00+00:00,27.487,16.987,52.76131,Sunny
2023-04-15 16:00:00+00:00,27.036999,17.437,55.73571,Sunny
2023-04-15 17:00:00+00:00,25.187,19.187,69.391335,Sunny
2023-04-15 18:00:00+00:00,26.387,19.137,64.426056,Sunny
2023-04-15 19:00:00+00:00,25.487,19.036999,67.52991,Sunny
2023-04-15 20:00:00+00:00,23.837,19.587,77.12491,Cloudy
2023-04-15 21:00:00+00:00,23.987,19.637,76.670296,Cloudy
2023-04-15 22:00:00+00:00,22.637,19.786999,83.95958,Sunny
2023-04-15 23:00:00+00:00,21.837,19.786999,88.14929,Sunny
2023-04-16 00:00:00+00:00,21.837,19.536999,86.79199,Cloudy
2023-04-16 01:00:00+00:00,24.786999,19.987,74.68637,Cloudy
2023-04-16 02:00:00+00:00,27.487,20.687,66.47973,Cloudy
2023-04-16 03:00:00+00:00,30.286999,21.087,57.93303,Sunny
2023-04-16 04:00:00+00:00,33.037,20.587,48.058537,Cloudy
2023-04-16 05:00:00+00:00,35.137,18.637,37.87169,Cloudy
2023-04-16 06:00:00+00:00,36.387,17.637,33.19906,Sunny
2023-04-16 07:00:00+00:00,37.086998,16.237,29.238459,Sunny
2023-04-16 08:00:00+00:00,37.586998,13.287001,23.525875,Sunny
2023-04-16 09:00:00+00:00,37.987,10.637,19.33276,Sunny
2023-04-16 10:00:00+00:00,37.137,11.687,21.707308,Sunny
2023-04-16 11:00:00+00:00,35.137,16.687,33.491848,Sunny
2023-04-16 12:00:00+00:00,31.587,19.786999,49.644306,Sunny
2023-04-16 13:00:00+00:00,29.536999,17.337,47.88663,Sunny
2023-04-16 14:00:00+00:00,31.587,16.087,39.337093,Sunny
2023-04-16 15:00:00+00:00,31.437,15.737,38.796642,Sunny
2023-04-16 16:00:00+00:00,27.187,16.487,52.019543,Sunny
2023-04-16 17:00:00+00:00,24.587,17.187,63.435154,Sunny
2023-04-16 18:00:00+00:00,23.337,18.087,72.37502,Sunny
2023-04-16 19:00:00+00:00,22.036999,18.687,81.3151,Sunny
2023-04-16 20:00:00+00:00,22.637,18.237,76.22189,Sunny
2023-04-16 21:00:00+00:00,21.687,17.937,79.254364,Sunny
2023-04-16 22:00:00+00:00,21.437,17.687,79.21926,Sunny
2023-04-16 23:00:00+00:00,20.837,17.387,80.65013,Sunny
2023-04-17 00:00:00+00:00,21.637,19.137,85.69935,Sunny
2023-04-17 01:00:00+00:00,24.187,19.637,75.75531,Sunny
2023-04-17 02:00:00+00:00,27.087,20.786999,68.47718,Sunny
2023-04-17 03:00:00+00:00,29.637,21.337,61.067635,Sunny
2023-04-17 04:00:00+00:00,31.737,21.536999,54.826286,Sunny
2023-04-17 05:00:00+00:00,33.487,20.687,47.149864,Sunny
2023-04-17 06:00:00+00:00,34.887,20.087,42.024937,Sunny
2023-04-17 07:00:00+00:00,36.037,18.837,36.4903,Sunny
2023-04-17 08:00:00+00:00,37.086998,17.487,31.650484,Sunny
2023-04-17 09:00:00+00:00,38.387,13.037001,22.162346,Sunny
2023-04-17 10:00:00+00:00,37.787,13.287001,23.271513,Sunny
2023-04-17 11:00:00+00:00,35.787,16.937,32.82743,Sunny
2023-04-17 12:00:00+00:00,31.487,23.687,63.36244,Sunny
2023-04-17 13:00:00+00:00,29.237,21.036999,61.35358,Sunny
2023-04-17 14:00:00+00:00,28.087,19.786999,60.717808,Sunny
2023-04-17 15:00:00+00:00,27.137,19.637,63.591732,Sunny
2023-04-17 16:00:00+00:00,25.487,20.337,73.20374,Sunny
2023-04-17 17:00:00+00:00,27.737,20.337,64.11597,Sunny
2023-04-17 18:00:00+00:00,26.237,20.487,70.673706,Sunny
2023-04-17 19:00:00+00:00,24.237,19.786999,76.234695,Sunny
2023-04-17 20:00:00+00:00,23.536999,19.237,76.83988,Sunny
2023-04-17 21:00:00+00:00,22.687,19.387,81.651436,Sunny
2023-04-17 22:00:00+00:00,23.137,18.887,77.018616,Sunny
2023-04-17 23:00:00+00:00,22.937,18.137,74.37988,Sunny
2023-04-18 00:00:00+00:00,23.937,20.536999,81.304504,Sunny
2023-04-18 01:00:00+00:00,25.487,21.036999,76.428696,Sunny
2023-04-18 02:00:00+00:00,27.437,21.387,69.60399,Sunny
2023-04-18 03:00:00+00:00,29.587,21.937,63.53247,Sunny
2023-04-18 04:00:00+00:00,31.637,22.087,57.02172,Sunny
2023-04-18 05:00:00+00:00,33.437,21.536999,49.814922,Sunny
2023-04-18 06:00:00+00:00,34.737,21.437,46.04796,Sunny
2023-04-18 07:00:00+00:00,35.637,21.337,43.54324,Sunny
2023-04-18 08:00:00+00:00,36.237,20.437,39.860485,Sunny
2023-04-18 09:00:00+00:00,36.437,19.286999,36.713226,Sunny
2023-04-18 10:00:00+00:00,36.137,19.937,38.86011,Sunny
2023-04-18 11:00:00+00:00,35.487,21.837,45.268787,Sunny
2023-04-18 12:00:00+00:00,32.537,24.286999,61.896545,Sunny
2023-04-18 13:00:00+00:00,30.387,23.237,65.66091,Sunny
2023-04-18 14:00:00+00:00,29.387,21.536999,62.71783,Sunny
2023-04-18 15:00:00+00:00,27.887,21.036999,66.356834,Sunny
2023-04-18 16:00:00+00:00,26.337,21.337,74.02694,Sunny
2023-04-18 17:00:00+00:00,26.887,21.437,72.10722,Sunny
2023-04-18 18:00:00+00:00,26.786999,20.837,69.90997,Sunny
2023-04-18 19:00:00+00:00,26.036999,20.087,69.76884,Sunny
2023-04-18 20:00:00+00:00,25.337,20.337,73.859344,Sunny
2023-04-18 21:00:00+00:00,24.887,20.987,78.96544,Sunny
2023-04-18 22:00:00+00:00,24.487,21.137,81.62426,Sunny
2023-04-18 23:00:00+00:00,24.187,21.137,83.10477,Sunny
2023-04-19 00:00:00+00:00,24.687,23.036999,90.5545,Sunny
2023-04-19 01:00:00+00:00,26.387,23.786999,85.64832,Sunny
2023-04-19 02:00:00+00:00,28.137,24.487,80.61256,Sunny
2023-04-19 03:00:00+00:00,30.137,24.786999,73.108246,Sunny
2023-04-19 04:00:00+00:00,31.987,24.937,66.381355,Sunny
2023-04-19 05:00:00+00:00,33.387,24.687,60.437363,Sunny
2023-04-19 06:00:00+00:00,34.437,24.387,55.9814,Sunny
2023-04-19 07:00:00+00:00,35.237,24.087,52.59653,Sunny
2023-04-19 08:00:00+00:00,35.687,23.536999,49.635834,Sunny
2023-04-19 09:00:00+00:00,36.086998,22.737,46.26206,Sunny
2023-04-19 10:00:00+00:00,36.187,22.187,44.49619,Sunny
2023-04-19 11:00:00+00:00,35.187,23.087,49.658047,Sunny
2023-04-19 12:00:00+00:00,32.937,26.637,69.58629,Sunny
2023-04-19 13:00:00+00:00,30.387,23.687,67.46739,Sunny
2023-04-19 14:00:00+00:00,29.487,23.387,69.7765,Sunny
2023-04-19 15:00:00+00:00,28.237,24.286999,79.190155,Sunny
2023-04-19 16:00:00+00:00,26.887,23.687,82.663704,Sunny
2023-04-19 17:00:00+00:00,26.087,21.187,74.44068,Sunny
2023-04-19 18:00:00+00:00,25.337,20.337,73.859344,Sunny
2023-04-19 19:00:00+00:00,24.536999,19.937,75.576416,Sunny
2023-04-19 20:00:00+00:00,23.887,19.837,78.09543,Sunny
2023-04-19 21:00:00+00:00,23.587,19.737,79.026764,Sunny
2023-04-19 22:00:00+00:00,23.737,19.337,76.39382,Sunny
2023-04-19 23:00:00+00:00,23.887,19.187,75.003876,Sunny
2023-04-20 00:00:00+00:00,23.837,19.536999,76.88573,Sunny
2023-04-20 01:00:00+00:00,25.237,20.587,75.45491,Sunny
2023-04-20 02:00:00+00:00,26.587,21.737,74.75095,Sunny
2023-04-20 03:00:00+00:00,28.137,22.337,70.80518,Sunny
2023-04-20 04:00:00+00:00,29.786999,22.637,65.537766,Sunny
2023-04-20 05:00:00+00:00,31.437,22.786999,60.180016,Sunny
2023-04-20 06:00:00+00:00,32.737,22.737,55.74243,Sunny
2023-04-20 07:00:00+00:00,33.687,22.536999,52.21032,Sunny
2023-04-20 08:00:00+00:00,34.287,22.487,50.337654,Sunny
2023-04-20 09:00:00+00:00,34.437,22.487,49.91908,Sunny
2023-04-20 10:00:00+00:00,34.487,22.087,48.583447,Cloudy
2023-04-20 11:00:00+00:00,33.287,21.536999,50.23565,Sunny
2023-04-20 12:00:00+00:00,30.937,23.337,64.013466,Sunny
2023-04-20 13:00:00+00:00,29.737,23.087,67.54322,Sunny
2023-04-20 14:00:00+00:00,27.487,23.487,78.84884,Sunny
2023-04-20 15:00:00+00:00,27.087,23.286999,79.751076,Sunny
2023-04-20 16:00:00+00:00,26.387,22.737,80.38491,Sunny
2023-04-20 17:00:00+00:00,25.987,22.187,79.6023,Sunny
2023-04-20 18:00:00+00:00,25.687,21.687,78.59548,Sunny
2023-04-20 19:00:00+00:00,25.387,20.786999,75.711525,Sunny
2023-04-20 20:00:00+00:00,24.737,20.237,76.07718,Sunny
2023-04-20 21:00:00+00:00,24.087,20.786999,81.82573,Sunny
2023-04-20 22:00:00+00:00,23.786999,21.087,84.865105,Sunny
2023-04-20 23:00:00+00:00,23.536999,20.737,84.31834,Sunny
2023-04-21 00:00:00+00:00,23.687,21.737,88.84514,Sunny
2023-04-21 01:00:00+00:00,25.337,21.987,81.72983,Sunny
2023-04-21 02:00:00+00:00,26.737,22.087,75.69301,Sunny
2023-04-21 03:00:00+00:00,28.087,21.837,68.880646,Sunny
2023-04-21 04:00:00+00:00,29.837,22.187,63.58603,Cloudy
2023-04-21 05:00:00+00:00,30.987,22.637,61.183094,Cloudy
2023-04-21 06:00:00+00:00,32.086998,22.587,57.30211,Cloudy
2023-04-21 07:00:00+00:00,32.586998,22.437,55.20104,Cloudy
2023-04-21 08:00:00+00:00,32.836998,22.387,54.263866,Cloudy
2023-04-21 09:00:00+00:00,34.287,21.487,47.359516,Cloudy
2023-04-21 10:00:00+00:00,34.086998,18.786999,40.525288,Cloudy
2023-04-21 11:00:00+00:00,33.387,19.237,43.342712,Sunny
2023-04-21 12:00:00+00:00,27.137,19.587,63.39461,Cloudy
2023-04-21 13:00:00+00:00,26.737,19.337,63.901676,Sunny
2023-04-21 14:00:00+00:00,24.887,20.087,74.70279,Sunny
2023-04-21 15:00:00+00:00,24.637,19.437,72.8305,Sunny
2023-04-21 16:00:00+00:00,23.937,19.786999,77.620056,Sunny
2023-04-21 17:00:00+00:00,24.237,20.137,77.905106,Sunny
2023-04-21 18:00:00+00:00,23.687,19.987,79.778755,Sunny
2023-04-21 19:00:00+00:00,23.087,19.887,82.20949,Sunny
2023-04-21 20:00:00+00:00,22.837,20.036999,84.2421,Sunny
2023-04-21 21:00:00+00:00,22.687,19.937,84.48702,Cloudy
2023-04-21 22:00:00+00:00,22.437,19.786999,84.98562,Sunny
2023-04-21 23:00:00+00:00,22.036999,19.687,86.54174,Cloudy
2023-04-22 00:00:00+00:00,21.487,18.437,82.78796,Sunny
2023-04-22 01:00:00+00:00,22.637,18.137,75.74491,Sunny
2023-04-22 02:00:00+00:00,24.536999,19.036999,71.46493,Sunny
2023-04-22 03:00:00+00:00,26.786999,19.237,63.318573,Sunny
2023-04-22 04:00:00+00:00,29.036999,17.887,51.028976,Sunny
2023-04-22 05:00:00+00:00,31.237,16.036999,40.000084,Sunny
2023-04-22 06:00:00+00:00,32.487,15.987,37.14526,Sunny
2023-04-22 07:00:00+00:00,33.287,15.387,34.17284,Sunny
2023-04-22 08:00:00+00:00,33.887,14.087001,30.387775,Sunny
2023-04-22 09:00:00+00:00,34.137,13.237,28.355865,Sunny
2023-04-22 10:00:00+00:00,34.137,11.387,25.110792,Sunny
2023-04-22 11:00:00+00:00,32.937,14.237,32.36248,Sunny
2023-04-22 12:00:00+00:00,29.536999,17.837,49.4206,Cloudy
2023-04-22 13:00:00+00:00,27.987,16.937,51.080276,Sunny
2023-04-22 14:00:00+00:00,27.087,16.637,52.826954,Sunny
2023-04-22 15:00:00+00:00,26.087,16.286999,54.79948,Sunny
2023-04-22 16:00:00+00:00,25.487,16.487,57.510895,Cloudy
2023-04-22 17:00:00+00:00,24.937,16.786999,60.568314,Sunny
2023-04-22 18:00:00+00:00,24.536999,16.387,60.476105,Cloudy
2023-04-22 19:00:00+00:00,24.687,15.837001,57.869995,Cloudy
2023-04-22 20:00:00+00:00,24.237,15.837001,59.45008,Cloudy
2023-04-22 21:00:00+00:00,23.937,15.587001,59.569954,Cloudy
2023-04-22 22:00:00+00:00,23.687,15.387,59.702366,Cloudy
2023-04-22 23:00:00+00:00,23.437,14.887,58.69215,Cloudy
2023-04-23 00:00:00+00:00,23.587,15.987,62.414013,Cloudy
2023-04-23 01:00:00+00:00,23.987,17.286999,66.175186,Cloudy
2023-04-23 02:00:00+00:00,25.437,18.637,66.05956,Sunny
2023-04-23 03:00:00+00:00,27.437,19.687,62.67744,Sunny
2023-04-23 04:00:00+00:00,29.237,19.637,56.27217,Sunny
2023-04-23 05:00:00+00:00,30.587,19.036999,50.161427,Sunny
2023-04-23 06:00:00+00:00,31.137,18.587,47.26311,Sunny
2023-04-23 07:00:00+00:00,30.337,18.137,48.09795,Rainy
2023-04-23 08:00:00+00:00,31.137,17.337,43.6904,Cloudy
2023-04-23 09:00:00+00:00,31.337,17.087,42.51806,Cloudy
2023-04-23 10:00:00+00:00,31.237,16.437,41.032722,Rainy
2023-04-23 11:00:00+00:00,29.437,17.286999,48.01164,Cloudy
2023-04-23 12:00:00+00:00,25.487,19.237,68.376854,Sunny
2023-04-23 13:00:00+00:00,24.387,18.887,71.43771,Sunny
2023-04-23 14:00:00+00:00,23.987,18.687,72.263756,Sunny
2023-04-23 15:00:00+00:00,23.587,18.786999,74.488144,Sunny
2023-04-23 16:00:00+00:00,23.237,18.887,76.55454,Sunny
2023-04-23 17:00:00+00:00,22.987,18.887,77.720665,Sunny
2023-04-23 18:00:00+00:00,22.587,18.987,80.12679,Sunny
2023-04-23 19:00:00+00:00,22.087,18.987,82.601074,Sunny
2023-04-23 20:00:00+00:00,21.587,18.937,84.89625,Sunny
2023-04-23 21:00:00+00:00,21.087,18.937,87.53798,Sunny
2023-04-23 22:00:00+00:00,20.687,18.837,89.15953,Sunny
2023-04-23 23:00:00+00:00,20.337,18.737,90.5374,Sunny
2023-04-24 00:00:00+00:00,20.637,19.337,92.26625,Sunny
2023-04-24 01:00:00+00:00,21.837,18.987,83.87034,Sunny
2023-04-24 02:00:00+00:00,23.487,18.987,75.88019,Cloudy
2023-04-24 03:00:00+00:00,24.487,19.036999,71.67906,Cloudy
2023-04-24 04:00:00+00:00,25.487,19.137,67.95222,Cloudy
2023-04-24 05:00:00+00:00,26.737,18.987,62.523235,Cloudy
2023-04-24 06:00:00+00:00,28.786999,18.286999,53.09069,Sunny
2023-04-24 07:00:00+00:00,30.087,17.786999,47.730637,Sunny
2023-04-24 08:00:00+00:00,30.737,17.286999,44.558132,Sunny
2023-04-24 09:00:00+00:00,30.887,16.937,43.21012,Sunny
2023-04-24 10:00:00+00:00,30.637,16.337,42.19261,Sunny
2023-04-24 11:00:00+00:00,30.487,16.437,42.828033,Sunny
2023-04-24 12:00:00+00:00,27.887,18.137,55.419758,Sunny
2023-04-24 13:00:00+00:00,26.237,17.837,59.916775,Sunny
2023-04-24 14:00:00+00:00,25.286999,17.737,62.990303,Sunny
2023-04-24 15:00:00+00:00,24.437,17.687,66.05989,Sunny
2023-04-24 16:00:00+00:00,23.786999,17.786999,69.121994,Sunny
2023-04-24 17:00:00+00:00,23.087,18.036999,73.246155,Sunny
2023-04-24 18:00:00+00:00,22.536999,17.887,75.01801,Sunny
2023-04-24 19:00:00+00:00,21.987,17.687,76.60079,Sunny
2023-04-24 20:00:00+00:00,21.737,17.487,76.80395,Sunny
2023-04-24 21:00:00+00:00,21.337,17.286999,77.71911,Cloudy
2023-04-24 22:00:00+00:00,21.536999,17.187,76.28912,Cloudy
2023-04-24 23:00:00+00:00,21.437,17.087,76.27339,Cloudy
2023-04-25 00:00:00+00:00,21.837,17.737,77.54905,Cloudy
2023-04-25 01:00:00+00:00,23.237,18.337,73.9649,Cloudy
2023-04-25 02:00:00+00:00,25.587,18.637,65.473625,Cloudy
2023-04-25 03:00:00+00:00,27.237,18.137,57.567604,Cloudy
2023-04-25 04:00:00+00:00,28.637,18.187,53.21965,Sunny
2023-04-25 05:00:00+00:00,29.587,18.237,50.532818,Cloudy
2023-04-25 06:00:00+00:00,29.387,16.887,46.946434,Cloudy
2023-04-25 07:00:00+00:00,29.687,16.737,45.704433,Cloudy
2023-04-25 08:00:00+00:00,30.237,16.887,44.70565,Sunny
2023-04-25 09:00:00+00:00,30.937,16.987,43.223713,Sunny
2023-04-25 10:00:00+00:00,30.687,16.837,43.43043,Sunny
2023-04-25 11:00:00+00:00,30.487,16.687,43.514023,Sunny
2023-04-25 12:00:00+00:00,28.837,20.987,62.59769,Cloudy
2023-04-25 13:00:00+00:00,26.687,18.737,61.736126,Cloudy
2023-04-25 14:00:00+00:00,25.937,19.087,65.95683,Sunny
2023-04-25 15:00:00+00:00,26.137,18.187,61.6126,Sunny
2023-04-25 16:00:00+00:00,26.637,17.587,57.605106,Sunny
2023-04-25 17:00:00+00:00,25.987,17.737,60.427402,Sunny
2023-04-25 18:00:00+00:00,25.087,18.087,65.16387,Sunny
2023-04-25 19:00:00+00:00,22.887,18.387,75.78481,Sunny
2023-04-25 20:00:00+00:00,22.087,17.887,77.100075,Sunny
2023-04-25 21:00:00+00:00,21.087,17.737,81.19321,Sunny
2023-04-25 22:00:00+00:00,20.437,17.887,85.309364,Sunny
2023-04-25 23:00:00+00:00,20.187,17.937,86.909775,Sunny
2023-04-26 00:00:00+00:00,20.637,18.536999,87.77241,Cloudy
2023-04-26 01:00:00+00:00,23.687,19.187,75.91186,Cloudy
2023-04-26 02:00:00+00:00,26.437,20.087,68.139496,Cloudy
2023-04-26 03:00:00+00:00,28.587,19.337,57.351677,Sunny
2023-04-26 04:00:00+00:00,30.036999,19.036999,51.768234,Cloudy
2023-04-26 05:00:00+00:00,31.387,18.187,45.441544,Cloudy
2023-04-26 06:00:00+00:00,32.537,16.536999,38.36153,Cloudy
2023-04-26 07:00:00+00:00,33.437,14.737,32.499493,Sunny
2023-04-26 08:00:00+00:00,34.137,13.837001,29.484808,Sunny
2023-04-26 09:00:00+00:00,34.586998,13.587001,28.292057,Sunny
2023-04-26 10:00:00+00:00,34.187,13.137,28.09305,Sunny
2023-04-26 11:00:00+00:00,33.137,13.487,30.480324,Sunny
2023-04-26 12:00:00+00:00,30.837,13.437,34.607845,Sunny
2023-04-26 13:00:00+00:00,28.286999,13.437,40.08789,Sunny
2023-04-26 14:00:00+00:00,27.937,13.987,42.402378,Sunny
2023-04-26 15:00:00+00:00,25.987,15.087001,51.050068,Sunny
2023-04-26 16:00:00+00:00,25.587,15.787001,54.674477,Sunny
2023-04-26 17:00:00+00:00,23.737,16.286999,63.04744,Sunny
2023-04-26 18:00:00+00:00,22.786999,16.587,68.05781,Sunny
2023-04-26 19:00:00+00:00,22.687,16.137,66.53811,Sunny
2023-04-26 20:00:00+00:00,21.887,16.036999,69.41296,Sunny
2023-04-26 21:00:00+00:00,21.337,16.637,74.58308,Cloudy
2023-04-26 22:00:00+00:00,21.237,17.187,77.70418,Cloudy
2023-04-26 23:00:00+00:00,21.286999,17.286999,77.95769,Cloudy
2023-04-27 00:00:00+00:00,21.587,19.137,85.9618,Sunny
2023-04-27 01:00:00+00:00,23.837,19.887,78.573654,Sunny
2023-04-27 02:00:00+00:00,26.237,20.187,69.37647,Sunny
2023-04-27 03:00:00+00:00,28.387,20.387,61.9233,Sunny
2023-04-27 04:00:00+00:00,30.187,20.387,55.808586,Sunny
2023-04-27 05:00:00+00:00,31.587,20.187,50.88918,Sunny
2023-04-27 06:00:00+00:00,32.887,19.137,44.300198,Sunny
2023-04-27 07:00:00+00:00,33.887,16.137,34.667763,Cloudy
2023-04-27 08:00:00+00:00,34.586998,15.287001,31.576933,Sunny
2023-04-27 09:00:00+00:00,34.987,14.587001,29.523113,Cloudy
2023-04-27 10:00:00+00:00,34.687,13.137,27.322329,Cloudy
2023-04-27 11:00:00+00:00,33.586998,13.837001,30.404854,Cloudy
2023-04-27 12:00:00+00:00,30.737,16.137,41.42082,Cloudy
2023-04-27 13:00:00+00:00,28.887,16.387,46.81281,Cloudy
2023-04-27 14:00:00+00:00,27.587,16.887,52.122116,Cloudy
2023-04-27 15:00:00+00:00,26.536999,17.137,56.321487,Cloudy
2023-04-27 16:00:00+00:00,25.536999,17.437,60.898113,Sunny
2023-04-27 17:00:00+00:00,24.937,17.487,63.311592,Sunny
2023-04-27 18:00:00+00:00,26.587,16.786999,54.92405,Sunny
2023-04-27 19:00:00+00:00,25.237,17.286999,61.409298,Sunny
2023-04-27 20:00:00+00:00,23.786999,17.637,68.47186,Sunny
2023-04-27 21:00:00+00:00,23.637,17.286999,67.58323,Sunny
2023-04-27 22:00:00+00:00,22.487,17.737,74.53899,Sunny
2023-04-27 23:00:00+00:00,22.087,17.786999,76.61631,Sunny
2023-04-28 00:00:00+00:00,22.337,19.137,82.11783,Sunny
2023-04-28 01:00:00+00:00,24.737,19.637,73.30172,Sunny
2023-04-28 02:00:00+00:00,26.536999,19.937,67.11279,Sunny
2023-04-28 03:00:00+00:00,28.437,19.987,60.23545,Sunny
2023-04-28 04:00:00+00:00,30.036999,19.987,54.91633,Sunny
2023-04-28 05:00:00+00:00,31.387,19.687,49.90135,Cloudy
2023-04-28 06:00:00+00:00,32.487,18.087,42.428894,Cloudy
2023-04-28 07:00:00+00:00,33.187,16.237,36.28425,Cloudy
2023-04-28 08:00:00+00:00,33.637,15.487,33.724773,Cloudy
2023-04-28 09:00:00+00:00,33.737,15.037001,32.581604,Cloudy
2023-04-28 10:00:00+00:00,33.737,14.787001,32.061424,Sunny
2023-04-28 11:00:00+00:00,33.037,14.637,33.023636,Cloudy
2023-04-28 12:00:00+00:00,31.587,16.837,41.259262,Sunny
2023-04-28 13:00:00+00:00,29.237,16.387,45.874405,Cloudy
2023-04-28 14:00:00+00:00,27.286999,18.137,57.39911,Cloudy
2023-04-28 15:00:00+00:00,26.337,18.786999,63.220474,Sunny
2023-04-28 16:00:00+00:00,25.837,19.137,66.55573,Sunny
2023-04-28 17:00:00+00:00,25.437,19.036999,67.73083,Sunny
2023-04-28 18:00:00+00:00,24.536999,19.187,72.13624,Sunny
2023-04-28 19:00:00+00:00,23.937,19.337,75.480415,Sunny
2023-04-28 20:00:00+00:00,23.637,19.337,76.855194,Sunny
2023-04-28 21:00:00+00:00,23.137,19.036999,77.74292,Sunny
2023-04-28 22:00:00+00:00,22.536999,18.536999,78.14161,Sunny
2023-04-28 23:00:00+00:00,22.487,18.387,77.64627,Cloudy
2023-04-29 00:00:00+00:00,22.536999,19.587,83.42892,Cloudy
2023-04-29 01:00:00+00:00,24.036999,20.036999,78.35942,Cloudy
2023-04-29 02:00:00+00:00,25.837,20.786999,73.71619,Cloudy
2023-04-29 03:00:00+00:00,27.687,21.286999,68.17437,Cloudy
2023-04-29 04:00:00+00:00,28.437,20.937,63.871292,Cloudy
2023-04-29 05:00:00+00:00,29.437,21.036999,60.64916,Sunny
2023-04-29 06:00:00+00:00,30.637,21.137,56.958015,Sunny
2023-04-29 07:00:00+00:00,31.487,20.987,53.76595,Cloudy
2023-04-29 08:00:00+00:00,31.487,20.387,51.815388,Cloudy
2023-04-29 09:00:00+00:00,31.087,20.036999,51.8742,Cloudy
2023-04-29 10:00:00+00:00,30.687,20.437,54.400642,Cloudy
2023-04-29 11:00:00+00:00,30.487,20.437,55.0267,Cloudy
2023-04-29 12:00:00+00:00,28.937,21.536999,64.37089,Sunny
2023-04-29 13:00:00+00:00,27.286999,21.687,71.519325,Sunny
2023-04-29 14:00:00+00:00,26.036999,21.387,75.582306,Sunny
2023-04-29 15:00:00+00:00,25.587,20.587,73.901375,Sunny
2023-04-29 16:00:00+00:00,25.137,20.187,74.05424,Sunny
2023-04-29 17:00:00+00:00,23.087,20.487,85.31621,Rainy
2023-04-29 18:00:00+00:00,22.237,20.337,89.004036,Rainy
2023-04-29 19:00:00+00:00,22.637,20.237,86.331345,Cloudy
2023-04-29 20:00:00+00:00,21.987,20.137,89.26002,Cloudy
2023-04-29 21:00:00+00:00,21.786999,20.437,92.04642,Sunny
2023-04-29 22:00:00+00:00,21.387,20.487,94.61781,Cloudy
2023-04-29 23:00:00+00:00,21.187,19.937,92.58354,Cloudy
2023-04-30 00:00:00+00:00,21.987,20.187,89.53642,Cloudy
2023-04-30 01:00:00+00:00,23.237,20.387,84.026024,Cloudy
2023-04-30 02:00:00+00:00,23.987,20.737,82.06564,Cloudy
2023-04-30 03:00:00+00:00,25.786999,20.887,74.39119,Cloudy
2023-04-30 04:00:00+00:00,28.087,20.837,64.78598,Cloudy
2023-04-30 05:00:00+00:00,28.737,20.737,62.000893,Rainy
2023-04-30 06:00:00+00:00,30.036999,20.737,57.519043,Cloudy
2023-04-30 07:00:00+00:00,30.536999,20.587,55.379368,Cloudy
2023-04-30 08:00:00+00:00,31.087,20.786999,54.33178,Cloudy
2023-04-30 09:00:00+00:00,30.937,20.786999,54.798595,Cloudy
2023-04-30 10:00:00+00:00,27.587,21.187,68.15483,Rainy
2023-04-30 11:00:00+00:00,28.187,20.786999,64.21185,Cloudy
2023-04-30 12:00:00+00:00,28.237,20.337,62.273487,Cloudy
2023-04-30 13:00:00+00:00,27.437,20.437,65.65492,Cloudy
2023-04-30 14:00:00+00:00,26.536999,20.687,70.29479,Cloudy
2023-04-30 15:00:00+00:00,23.337,20.837,85.86857,Rainy
2023-04-30 16:00:00+00:00,22.637,21.187,91.532166,Rainy
2023-04-30 17:00:00+00:00,22.987,21.536999,91.55351,Cloudy
2023-04-30 18:00:00+00:00,22.987,21.737,92.68004,Cloudy
2023-04-30 19:00:00+00:00,23.087,21.536999,91.00123,Rainy
2023-04-30 20:00:00+00:00,22.786999,21.737,93.80967,Rainy
2023-04-30 21:00:00+00:00,22.286999,21.587,95.81932,Cloudy
2023-04-30 22:00:00+00:00,21.837,21.137,95.80535,Cloudy
2023-04-30 23:00:00+00:00,21.536999,21.036999,96.98106,Cloudy
2023-05-01 00:00:00+00:00,21.737,20.687,93.76193,Cloudy
2023-05-01 01:00:00+00:00,23.187,20.837,86.65013,Cloudy
2023-05-01 02:00:00+00:00,24.587,20.987,80.39339,Sunny
2023-05-01 03:00:00+00:00,26.087,21.087,73.98519,Cloudy
2023-05-01 04:00:00+00:00,27.587,20.687,66.0919,Cloudy
2023-05-01 05:00:00+00:00,28.487,20.137,60.620754,Cloudy
2023-05-01 06:00:00+00:00,29.137,19.887,57.482815,Cloudy
2023-05-01 07:00:00+00:00,28.286999,19.837,60.20116,Rainy
2023-05-01 08:00:00+00:00,28.637,19.437,57.542267,Cloudy
2023-05-01 09:00:00+00:00,28.587,19.137,56.641823,Rainy
2023-05-01 10:00:00+00:00,27.837,19.237,59.539574,Rainy
2023-05-01 11:00:00+00:00,27.487,19.286999,60.95972,Rainy
2023-05-01 12:00:00+00:00,27.137,22.387,75.2969,Cloudy
2023-05-01 13:00:00+00:00,25.737,20.137,71.2396,Cloudy
2023-05-01 14:00:00+00:00,22.637,19.837,84.22027,Rainy
2023-05-01 15:00:00+00:00,22.036999,19.786999,87.08028,Rainy
2023-05-01 16:00:00+00:00,21.536999,20.286999,92.60246,Sunny
2023-05-01 17:00:00+00:00,20.786999,20.187,96.366745,Sunny
2023-05-01 18:00:00+00:00,21.087,20.337,95.48676,Sunny
2023-05-01 19:00:00+00:00,21.387,20.286999,93.45685,Sunny
2023-05-01 20:00:00+00:00,20.937,20.036999,94.59989,Cloudy
2023-05-01 21:00:00+00:00,21.237,20.137,93.44964,Cloudy
2023-05-01 22:00:00+00:00,21.087,20.087,94.022575,Cloudy
2023-05-01 23:00:00+00:00,20.036999,19.887,99.07538,Cloudy
2023-05-02 00:00:00+00:00,22.087,20.587,91.21695,Cloudy
2023-05-02 01:00:00+00:00,22.687,20.687,88.49277,Cloudy
2023-05-02 02:00:00+00:00,23.187,21.137,88.26228,Cloudy
2023-05-02 03:00:00+00:00,25.637,20.887,75.05592,Sunny
2023-05-02 04:00:00+00:00,27.937,20.437,63.764103,Cloudy
2023-05-02 05:00:00+00:00,29.437,19.737,55.972374,Sunny
2023-05-02 06:00:00+00:00,30.437,19.337,51.548416,Sunny
2023-05-02 07:00:00+00:00,31.387,19.286999,48.676044,Sunny
2023-05-02 08:00:00+00:00,31.786999,19.036999,46.847218,Sunny
2023-05-02 09:00:00+00:00,29.887,19.137,52.54301,Rainy
2023-05-02 10:00:00+00:00,29.036999,19.337,55.875134,Rainy
2023-05-02 11:00:00+00:00,29.187,19.036999,54.366894,Cloudy
2023-05-02 12:00:00+00:00,27.437,19.437,61.711628,Sunny
2023-05-02 13:00:00+00:00,25.937,19.987,69.74994,Sunny
2023-05-02 14:00:00+00:00,24.987,20.286999,75.18236,Sunny
2023-05-02 15:00:00+00:00,24.536999,20.187,76.75471,Sunny
2023-05-02 16:00:00+00:00,23.887,19.937,78.58082,Sunny
2023-05-02 17:00:00+00:00,23.237,19.786999,80.96403,Sunny
2023-05-02 18:00:00+00:00,22.987,19.737,81.94282,Sunny
2023-05-02 19:00:00+00:00,23.786999,19.387,76.40158,Cloudy
2023-05-02 20:00:00+00:00,22.587,19.637,83.43461,Cloudy
2023-05-02 21:00:00+00:00,21.837,19.637,87.332695,Cloudy
2023-05-02 22:00:00+00:00,21.837,19.587,87.06199,Sunny
2023-05-02 23:00:00+00:00,21.387,19.687,90.04863,Sunny
2023-05-03 00:00:00+00:00,23.437,19.937,80.73946,Sunny
2023-05-03 01:00:00+00:00,25.087,20.987,78.029305,Cloudy
2023-05-03 02:00:00+00:00,26.687,20.237,67.7686,Sunny
2023-05-03 03:00:00+00:00,28.536999,20.286999,61.00798,Sunny
2023-05-03 04:00:00+00:00,29.737,20.187,56.56759,Sunny
2023-05-03 05:00:00+00:00,30.937,19.786999,51.51582,Cloudy
2023-05-03 06:00:00+00:00,31.437,19.437,48.992878,Cloudy
2023-05-03 07:00:00+00:00,32.086998,19.187,46.490402,Cloudy
2023-05-03 08:00:00+00:00,32.737,18.987,44.25996,Cloudy
2023-05-03 09:00:00+00:00,32.537,19.087,45.04176,Cloudy
2023-05-03 10:00:00+00:00,32.687,18.887,44.108627,Cloudy
2023-05-03 11:00:00+00:00,27.637,21.286999,68.373924,Rainy
2023-05-03 12:00:00+00:00,29.536999,22.837,67.29967,Cloudy
2023-05-03 13:00:00+00:00,28.637,20.587,61.78809,Cloudy
2023-05-03 14:00:00+00:00,28.087,20.687,64.19057,Cloudy
2023-05-03 15:00:00+00:00,28.687,19.887,59.000717,Cloudy
2023-05-03 16:00:00+00:00,27.286999,19.587,62.839344,Cloudy
2023-05-03 17:00:00+00:00,26.286999,20.737,71.55929,Cloudy
2023-05-03 18:00:00+00:00,25.887,19.887,69.52479,Cloudy
2023-05-03 19:00:00+00:00,25.087,19.887,72.908714,Rainy
2023-05-03 20:00:00+00:00,23.087,20.737,86.64075,Rainy
2023-05-03 21:00:00+00:00,22.536999,20.887,90.40812,Sunny
2023-05-03 22:00:00+00:00,22.337,20.937,91.795555,Sunny
2023-05-03 23:00:00+00:00,21.536999,20.937,96.38697,Sunny
2023-05-04 00:00:00+00:00,23.087,21.786999,92.40276,Sunny
2023-05-04 01:00:00+00:00,23.987,22.036999,88.8688,Sunny
2023-05-04 02:00:00+00:00,24.937,21.637,81.9304,Cloudy
2023-05-04 03:00:00+00:00,24.987,20.937,78.25494,Rainy
2023-05-04 04:00:00+00:00,23.687,21.987,90.2114,Rainy
2023-05-04 05:00:00+00:00,25.387,21.786999,80.49858,Rainy
2023-05-04 06:00:00+00:00,28.687,21.137,63.728867,Sunny
2023-05-04 07:00:00+00:00,29.737,20.937,59.244404,Sunny
2023-05-04 08:00:00+00:00,30.237,20.887,57.38971,Sunny
2023-05-04 09:00:00+00:00,29.937,20.737,57.850506,Sunny
2023-05-04 10:00:00+00:00,29.687,19.937,55.859787,Cloudy
2023-05-04 11:00:00+00:00,26.036999,20.937,73.52365,Rainy
2023-05-04 12:00:00+00:00,27.536999,20.286999,64.670074,Sunny
2023-05-04 13:00:00+00:00,25.637,20.637,73.909775,Sunny
2023-05-04 14:00:00+00:00,24.587,20.237,76.76235,Sunny
2023-05-04 15:00:00+00:00,24.087,20.286999,79.34159,Sunny
2023-05-04 16:00:00+00:00,23.687,20.387,81.77619,Sunny
2023-05-04 17:00:00+00:00,23.286999,20.536999,84.55147,Sunny
2023-05-04 18:00:00+00:00,22.887,20.837,88.237335,Sunny
2023-05-04 19:00:00+00:00,22.937,20.786999,87.7003,Sunny
2023-05-04 20:00:00+00:00,22.286999,20.887,91.792595,Sunny
2023-05-04 21:00:00+00:00,21.737,20.987,95.50844,Sunny
2023-05-04 22:00:00+00:00,21.487,20.937,96.682365,Sunny
2023-05-04 23:00:00+00:00,21.187,20.837,97.87267,Sunny
2023-05-05 00:00:00+00:00,22.687,21.837,94.958496,Sunny
2023-05-05 01:00:00+00:00,24.387,21.987,86.49778,Sunny
2023-05-05 02:00:00+00:00,26.387,21.837,76.10115,Sunny
2023-05-05 03:00:00+00:00,28.036999,21.687,68.451546,Sunny
2023-05-05 04:00:00+00:00,29.237,21.237,62.111393,Rainy
2023-05-05 05:00:00+00:00,30.587,20.237,54.0411,Sunny
2023-05-05 06:00:00+00:00,31.687,19.237,47.70464,Sunny
2023-05-05 07:00:00+00:00,32.836998,17.937,41.20984,Sunny
2023-05-05 08:00:00+00:00,33.737,16.687,36.20483,Sunny
2023-05-05 09:00:00+00:00,33.836998,16.237,34.987064,Sunny
2023-05-05 10:00:00+00:00,33.586998,16.286999,35.592876,Sunny
2023-05-05 11:00:00+00:00,32.937,16.337,37.032684,Sunny
2023-05-05 12:00:00+00:00,31.237,16.786999,41.955418,Sunny
2023-05-05 13:00:00+00:00,29.737,16.036999,43.58719,Sunny
2023-05-05 14:00:00+00:00,29.237,14.637,41.008076,Sunny
2023-05-05 15:00:00+00:00,28.087,14.437,43.27548,Sunny
2023-05-05 16:00:00+00:00,27.286999,14.187,44.619583,Sunny
2023-05-05 17:00:00+00:00,26.937,14.037001,45.105255,Sunny
2023-05-05 18:00:00+00:00,25.786999,14.637,50.182777,Sunny
2023-05-05 19:00:00+00:00,25.187,15.287001,54.22513,Sunny
2023-05-05 20:00:00+00:00,24.937,15.487,55.74964,Sunny
2023-05-05 21:00:00+00:00,24.387,15.637,58.16909,Sunny
2023-05-05 22:00:00+00:00,23.887,15.737,60.32565,Sunny
2023-05-05 23:00:00+00:00,23.237,15.887,63.34021,Sunny
2023-05-06 00:00:00+00:00,24.737,16.937,61.881603,Sunny
2023-05-06 01:00:00+00:00,26.536999,17.937,59.236946,Sunny
2023-05-06 02:00:00+00:00,28.536999,18.036999,53.027565,Sunny
2023-05-06 03:00:00+00:00,30.536999,18.337,48.15065,Sunny
2023-05-06 04:00:00+00:00,32.487,17.887,41.898735,Sunny
2023-05-06 05:00:00+00:00,33.937,15.987,34.24179,Sunny
2023-05-06 06:00:00+00:00,34.887,15.037001,30.560516,Sunny
2023-05-06 07:00:00+00:00,35.586998,14.587001,28.559677,Sunny
2023-05-06 08:00:00+00:00,35.987,14.537001,27.84709,Sunny
2023-05-06 09:00:00+00:00,36.086998,13.787001,26.381529,Sunny
2023-05-06 10:00:00+00:00,35.836998,12.937,25.305897,Sunny
2023-05-06 11:00:00+00:00,34.987,11.837001,24.674623,Sunny
2023-05-06 12:00:00+00:00,33.637,12.287001,27.400797,Sunny
2023-05-06 13:00:00+00:00,31.887,11.837001,29.356121,Sunny
2023-05-06 14:00:00+00:00,30.536999,13.087001,34.41212,Sunny
2023-05-06 15:00:00+00:00,30.387,13.437,35.51025,Sunny
2023-05-06 16:00:00+00:00,30.137,14.087001,37.576508,Sunny
2023-05-06 17:00:00+00:00,28.837,15.037001,43.063732,Sunny
2023-05-06 18:00:00+00:00,27.887,15.687,47.447662,Sunny
2023-05-06 19:00:00+00:00,26.786999,16.137,52.082516,Sunny
2023-05-06 20:00:00+00:00,25.286999,16.737,59.13062,Sunny
2023-05-06 21:00:00+00:00,25.737,16.536999,56.844288,Sunny
2023-05-06 22:00:00+00:00,25.487,16.286999,56.783447,Sunny
2023-05-06 23:00:00+00:00,24.036999,16.987,64.73608,Sunny
2023-05-07 00:00:00+00:00,25.437,16.687,58.41981,Sunny
2023-05-07 01:00:00+00:00,27.187,18.137,57.73668,Sunny
2023-05-07 02:00:00+00:00,28.737,18.837,55.109764,Sunny
2023-05-07 03:00:00+00:00,29.837,18.387,50.281372,Sunny
2023-05-07 04:00:00+00:00,31.487,18.437,45.897877,Sunny
2023-05-07 05:00:00+00:00,32.737,18.587,43.16743,Sunny
2023-05-07 06:00:00+00:00,33.887,18.337,39.842045,Sunny
2023-05-07 07:00:00+00:00,34.836998,18.087,37.201546,Sunny
2023-05-07 08:00:00+00:00,35.737,17.337,33.761864,Sunny
2023-05-07 09:00:00+00:00,36.187,16.387,31.010466,Sunny
2023-05-07 10:00:00+00:00,36.387,15.087001,28.224411,Sunny
2023-05-07 11:00:00+00:00,35.887,14.937,28.732183,Sunny
2023-05-07 12:00:00+00:00,33.437,21.437,49.51091,Sunny
2023-05-07 13:00:00+00:00,30.237,19.337,52.14274,Sunny
2023-05-07 14:00:00+00:00,29.036999,19.187,55.355743,Sunny
2023-05-07 15:00:00+00:00,28.286999,18.286999,54.655037,Sunny
2023-05-07 16:00:00+00:00,27.587,18.487,57.651283,Sunny
2023-05-07 17:00:00+00:00,26.737,19.437,64.30037,Sunny
2023-05-07 18:00:00+00:00,25.337,19.837,71.609505,Sunny
2023-05-07 19:00:00+00:00,24.437,19.987,76.26591,Sunny
2023-05-07 20:00:00+00:00,23.887,19.837,78.09543,Sunny
2023-05-07 21:00:00+00:00,23.337,19.237,77.77252,Sunny
2023-05-07 22:00:00+00:00,23.237,18.937,76.79387,Sunny
2023-05-07 23:00:00+00:00,22.987,18.887,77.720665,Sunny
2023-05-08 00:00:00+00:00,23.737,18.337,71.7681,Sunny
2023-05-08 01:00:00+00:00,25.937,19.387,67.200554,Sunny
2023-05-08 02:00:00+00:00,27.786999,20.437,64.32484,Sunny
2023-05-08 03:00:00+00:00,29.887,21.087,59.27908,Sunny
2023-05-08 04:00:00+00:00,31.937,21.036999,52.57163,Sunny
2023-05-08 05:00:00+00:00,33.487,20.437,46.428776,Sunny
2023-05-08 06:00:00+00:00,34.836998,19.237,39.975918,Sunny
2023-05-08 07:00:00+00:00,35.887,18.237,35.43633,Sunny
2023-05-08 08:00:00+00:00,36.787,16.737,30.682055,Sunny
2023-05-08 09:00:00+00:00,37.487,14.687,25.901995,Sunny
2023-05-08 10:00:00+00:00,37.887,11.487,20.565567,Sunny
2023-05-08 11:00:00+00:00,36.987,13.987,25.439913,Sunny
2023-05-08 12:00:00+00:00,34.137,13.037001,27.988104,Sunny
2023-05-08 13:00:00+00:00,30.637,14.937,38.575657,Sunny
2023-05-08 14:00:00+00:00,28.737,17.737,51.435543,Sunny
2023-05-08 15:00:00+00:00,30.587,16.786999,43.541187,Sunny
2023-05-08 16:00:00+00:00,29.786999,16.937,46.022194,Sunny
2023-05-08 17:00:00+00:00,25.737,17.687,61.13611,Sunny
2023-05-08 18:00:00+00:00,25.286999,18.337,65.41083,Sunny
2023-05-08 19:00:00+00:00,24.036999,18.687,72.04707,Sunny
2023-05-08 20:00:00+00:00,23.087,18.887,77.25183,Sunny
2023-05-08 21:00:00+00:00,23.036999,18.587,76.04635,Sunny
2023-05-08 22:00:00+00:00,22.786999,18.286999,75.76886,Sunny
2023-05-08 23:00:00+00:00,22.286999,18.036999,76.88862,Sunny
2023-05-09 00:00:00+00:00,23.837,19.286999,75.69963,Sunny
2023-05-09 01:00:00+00:00,25.687,19.887,70.35389,Sunny
2023-05-09 02:00:00+00:00,27.587,21.187,68.15483,Sunny
2023-05-09 03:00:00+00:00,29.387,21.987,64.46589,Sunny
2023-05-09 04:00:00+00:00,31.087,21.786999,57.767044,Sunny
2023-05-09 05:00:00+00:00,32.987,20.837,48.941437,Sunny
2023-05-09 06:00:00+00:00,34.836998,18.837,38.991,Sunny
2023-05-09 07:00:00+00:00,36.037,18.036999,34.706394,Sunny
2023-05-09 08:00:00+00:00,37.336998,15.337001,27.22953,Sunny
2023-05-09 09:00:00+00:00,38.336998,9.437,17.506704,Sunny
2023-05-09 10:00:00+00:00,37.487,11.087001,20.468147,Sunny
2023-05-09 11:00:00+00:00,36.937,12.537001,23.208033,Sunny
2023-05-09 12:00:00+00:00,35.037,12.987,26.535805,Sunny
2023-05-09 13:00:00+00:00,31.786999,11.787001,29.425833,Sunny
2023-05-09 14:00:00+00:00,30.587,10.837001,29.586731,Sunny
2023-05-09 15:00:00+00:00,31.087,9.337001,26.010221,Sunny
2023-05-09 16:00:00+00:00,30.737,8.187,24.551485,Sunny
2023-05-09 17:00:00+00:00,30.387,7.637,24.128416,Sunny
2023-05-09 18:00:00+00:00,28.687,8.087001,27.440586,Sunny
2023-05-09 19:00:00+00:00,27.786999,8.887,30.525936,Sunny
2023-05-09 20:00:00+00:00,24.937,11.737,43.6845,Sunny
2023-05-09 21:00:00+00:00,24.837,11.487,43.22619,Sunny
2023-05-09 22:00:00+00:00,23.487,12.387,49.73664,Sunny
2023-05-09 23:00:00+00:00,23.737,12.337001,48.832558,Sunny
2023-05-10 00:00:00+00:00,23.036999,16.887,68.32388,Sunny
2023-05-10 01:00:00+00:00,25.536999,17.937,62.847374,Sunny
2023-05-10 02:00:00+00:00,28.237,18.087,54.130436,Sunny
2023-05-10 03:00:00+00:00,30.837,16.887,43.19652,Sunny
2023-05-10 04:00:00+00:00,32.887,16.887,38.457687,Sunny
2023-05-10 05:00:00+00:00,35.037,15.937,32.10709,Sunny
2023-05-10 06:00:00+00:00,36.987,12.437,22.993376,Sunny
2023-05-10 07:00:00+00:00,37.937,9.887,18.438519,Sunny
2023-05-10 08:00:00+00:00,38.237,8.037001,16.012869,Sunny
2023-05-10 09:00:00+00:00,38.037,6.937,15.016578,Sunny
2023-05-10 10:00:00+00:00,37.937,4.937,13.149355,Sunny
2023-05-10 11:00:00+00:00,36.937,7.187,16.21847,Sunny
2023-05-10 12:00:00+00:00,32.687,16.687,38.40276,Sunny
2023-05-10 13:00:00+00:00,30.837,10.887,29.264008,Sunny
2023-05-10 14:00:00+00:00,28.187,7.187,26.568684,Sunny
2023-05-10 15:00:00+00:00,28.937,3.087,19.125374,Sunny
2023-05-10 16:00:00+00:00,27.737,3.687,21.39458,Sunny
2023-05-10 17:00:00+00:00,27.587,3.687,21.583,Sunny
2023-05-10 18:00:00+00:00,25.687,4.537,25.62134,Sunny
2023-05-10 19:00:00+00:00,23.687,6.887,33.975407,Sunny
2023-05-10 20:00:00+00:00,24.887,6.937,31.725988,Sunny
2023-05-10 21:00:00+00:00,22.687,6.737,35.722523,Sunny
2023-05-10 22:00:00+00:00,21.587,6.987,38.858913,Sunny
2023-05-10 23:00:00+00:00,20.737,7.737,43.09202,Sunny
2023-05-11 00:00:00+00:00,21.637,12.437,55.83276,Sunny
2023-05-11 01:00:00+00:00,24.337,15.237,56.866314,Sunny
2023-05-11 02:00:00+00:00,27.087,16.536999,52.49231,Sunny
2023-05-11 03:00:00+00:00,29.887,17.587,47.67771,Sunny
2023-05-11 04:00:00+00:00,32.086998,16.137,38.35982,Sunny
2023-05-11 05:00:00+00:00,34.137,14.437,30.65312,Sunny
2023-05-11 06:00:00+00:00,35.537,13.487,26.667812,Sunny
2023-05-11 07:00:00+00:00,36.487,12.937,24.417973,Sunny
2023-05-11 08:00:00+00:00,37.086998,11.637,21.694885,Sunny
2023-05-11 09:00:00+00:00,37.287,9.637,18.78456,Sunny
2023-05-11 10:00:00+00:00,37.187,8.937,18.018381,Sunny
2023-05-11 11:00:00+00:00,36.336998,10.587001,21.083593,Sunny
2023-05-11 12:00:00+00:00,33.336998,18.837,42.39353,Sunny
2023-05-11 13:00:00+00:00,31.337,12.737,32.132565,Sunny
2023-05-11 14:00:00+00:00,27.987,14.037001,42.41617,Sunny
2023-05-11 15:00:00+00:00,27.637,13.137,40.830418,Sunny
2023-05-11 16:00:00+00:00,27.536999,10.187,33.80067,Sunny
2023-05-11 17:00:00+00:00,26.137,8.987,33.86142,Sunny
2023-05-11 18:00:00+00:00,24.987,8.637,35.407322,Sunny
2023-05-11 19:00:00+00:00,24.337,10.137,40.715565,Sunny
2023-05-11 20:00:00+00:00,23.587,14.187,55.593567,Sunny
2023-05-11 21:00:00+00:00,23.187,17.337,69.66308,Sunny
2023-05-11 22:00:00+00:00,23.036999,18.887,77.48586,Sunny
2023-05-11 23:00:00+00:00,22.687,19.387,81.651436,Sunny
2023-05-12 00:00:00+00:00,24.237,22.337,89.1593,Sunny
2023-05-12 01:00:00+00:00,25.887,22.137,79.83152,Sunny
2023-05-12 02:00:00+00:00,27.737,21.637,69.44788,Sunny
2023-05-12 03:00:00+00:00,29.786999,21.286999,60.357185,Sunny
2023-05-12 04:00:00+00:00,31.737,21.137,53.498596,Sunny
2023-05-12 05:00:00+00:00,33.237,21.786999,51.152637,Sunny
2023-05-12 06:00:00+00:00,34.586998,21.036999,45.30795,Sunny
2023-05-12 07:00:00+00:00,35.487,19.786999,39.904118,Sunny
2023-05-12 08:00:00+00:00,36.037,18.286999,35.25545,Sunny
2023-05-12 09:00:00+00:00,36.086998,17.237,32.908936,Sunny
2023-05-12 10:00:00+00:00,35.987,16.337,31.2537,Sunny
2023-05-12 11:00:00+00:00,34.687,16.837,34.666443,Sunny
2023-05-12 12:00:00+00:00,32.787,17.487,40.170826,Sunny
2023-05-12 13:00:00+00:00,31.036999,17.536999,44.498505,Sunny
2023-05-12 14:00:00+00:00,29.887,17.937,48.740295,Sunny
2023-05-12 15:00:00+00:00,28.887,18.286999,52.783916,Sunny
2023-05-12 16:00:00+00:00,28.137,18.536999,56.004963,Sunny
2023-05-12 17:00:00+00:00,27.786999,19.137,59.342827,Sunny
2023-05-12 18:00:00+00:00,27.137,19.187,61.836815,Sunny
2023-05-12 19:00:00+00:00,26.387,19.387,65.436676,Sunny
2023-05-12 20:00:00+00:00,26.087,19.987,69.13357,Sunny
2023-05-12 21:00:00+00:00,25.786999,20.587,73.02985,Sunny
2023-05-12 22:00:00+00:00,25.487,20.887,75.72734,Sunny
2023-05-12 23:00:00+00:00,25.036999,20.937,78.02203,Sunny
2023-05-13 00:00:00+00:00,25.887,21.737,77.90695,Sunny
2023-05-13 01:00:00+00:00,27.387,21.786999,71.53723,Sunny
2023-05-13 02:00:00+00:00,29.237,21.536999,63.263466,Sunny
2023-05-13 03:00:00+00:00,31.337,21.087,54.560654,Sunny
2023-05-13 04:00:00+00:00,33.287,20.187,46.232853,Cloudy
2023-05-13 05:00:00+00:00,34.637,19.087,40.046215,Sunny
2023-05-13 06:00:00+00:00,35.687,17.737,34.720238,Cloudy
2023-05-13 07:00:00+00:00,36.237,17.087,32.330505,Cloudy
2023-05-13 08:00:00+00:00,36.537,16.937,31.502018,Cloudy
2023-05-13 09:00:00+00:00,36.537,16.337,30.323925,Sunny
2023-05-13 10:00:00+00:00,36.387,15.737,29.425756,Cloudy
2023-05-13 11:00:00+00:00,35.737,15.287001,29.629736,Sunny
2023-05-13 12:00:00+00:00,33.586998,17.837,39.2632,Sunny
2023-05-13 13:00:00+00:00,31.487,17.337,42.828754,Cloudy
2023-05-13 14:00:00+00:00,30.637,16.337,42.19261,Cloudy
2023-05-13 15:00:00+00:00,29.587,15.787001,43.26887,Sunny
2023-05-13 16:00:00+00:00,28.487,16.187,47.30536,Cloudy
2023-05-13 17:00:00+00:00,27.887,16.487,49.932045,Cloudy
2023-05-13 18:00:00+00:00,27.536999,16.137,49.84037,Sunny
2023-05-13 19:00:00+00:00,26.687,16.286999,52.8932,Sunny
2023-05-13 20:00:00+00:00,25.837,16.286999,55.616493,Cloudy
2023-05-13 21:00:00+00:00,24.987,16.237,58.312584,Cloudy
2023-05-13 22:00:00+00:00,24.187,16.387,61.75752,Cloudy
2023-05-13 23:00:00+00:00,23.337,16.536999,65.62176,Sunny
2023-05-14 00:00:00+00:00,24.286999,17.536999,66.02875,Sunny
2023-05-14 01:00:00+00:00,26.737,18.337,60.032368,Sunny
2023-05-14 02:00:00+00:00,29.137,19.137,54.865265,Sunny
2023-05-14 03:00:00+00:00,30.937,21.337,56.681175,Cloudy
2023-05-14 04:00:00+00:00,32.937,21.437,50.920364,Sunny
2023-05-14 05:00:00+00:00,34.787,20.187,42.520893,Sunny
2023-05-14 06:00:00+00:00,35.987,19.487,38.10312,Sunny
2023-05-14 07:00:00+00:00,36.937,17.937,32.828484,Sunny
2023-05-14 08:00:00+00:00,35.836998,16.487,31.81509,Sunny
2023-05-14 09:00:00+00:00,35.836998,16.237,31.312763,Sunny
2023-05-14 10:00:00+00:00,35.437,15.737,31.005568,Sunny
2023-05-14 11:00:00+00:00,35.086998,15.737,31.6116,Sunny
2023-05-14 12:00:00+00:00,33.737,16.536999,35.861412,Sunny
2023-05-14 13:00:00+00:00,31.737,16.237,39.378365,Sunny
2023-05-14 14:00:00+00:00,31.487,17.036999,42.02366,Sunny
2023-05-14 15:00:00+00:00,30.337,17.437,46.02404,Sunny
2023-05-14 16:00:00+00:00,29.587,17.687,48.815037,Sunny
2023-05-14 17:00:00+00:00,27.887,17.937,54.727554,Sunny
2023-05-14 18:00:00+00:00,27.137,18.337,58.6376,Cloudy
2023-05-14 19:00:00+00:00,26.987,18.536999,59.90223,Sunny
2023-05-14 20:00:00+00:00,25.137,19.487,70.909676,Rainy
2023-05-14 21:00:00+00:00,25.137,19.137,69.38177,Sunny
2023-05-14 22:00:00+00:00,24.487,19.237,72.57805,Sunny
2023-05-14 23:00:00+00:00,24.187,19.087,73.20708,Sunny
2023-05-15 00:00:00+00:00,24.036999,20.887,82.57821,Sunny
2023-05-15 01:00:00+00:00,25.737,21.137,75.76684,Sunny
2023-05-15 02:00:00+00:00,27.337,20.786999,67.48046,Sunny
2023-05-15 03:00:00+00:00,28.937,20.237,59.42517,Sunny
2023-05-15 04:00:00+00:00,30.286999,19.487,52.480724,Sunny
2023-05-15 05:00:00+00:00,31.387,18.637,46.741184,Sunny
2023-05-15 06:00:00+00:00,32.387,18.387,43.479885,Sunny
2023-05-15 07:00:00+00:00,33.086998,18.087,41.01951,Sunny
2023-05-15 08:00:00+00:00,33.537,18.087,39.997128,Sunny
2023-05-15 09:00:00+00:00,33.887,18.137,39.345158,Sunny
2023-05-15 10:00:00+00:00,33.987,18.237,39.37246,Sunny
2023-05-15 11:00:00+00:00,33.787,18.237,39.814777,Sunny
2023-05-15 12:00:00+00:00,33.437,21.487,49.662724,Sunny
2023-05-15 13:00:00+00:00,31.587,19.837,49.798447,Sunny
2023-05-15 14:00:00+00:00,30.437,19.737,52.845524,Sunny
2023-05-15 15:00:00+00:00,28.637,20.237,60.467728,Sunny
2023-05-15 16:00:00+00:00,26.987,19.036999,61.803272,Sunny
2023-05-15 17:00:00+00:00,26.187,19.137,65.19147,Sunny
2023-05-15 18:00:00+00:00,25.536999,19.036999,67.329666,Sunny
2023-05-15 19:00:00+00:00,24.387,18.887,71.43771,Sunny
2023-05-15 20:00:00+00:00,23.387,18.687,74.922134,Sunny
2023-05-15 21:00:00+00:00,23.087,18.937,77.49334,Sunny
2023-05-15 22:00:00+00:00,22.487,19.487,83.16439,Sunny
2023-05-15 23:00:00+00:00,22.637,19.087,80.38376,Sunny
2023-05-16 00:00:00+00:00,23.737,20.687,83.05255,Sunny
2023-05-16 01:00:00+00:00,25.337,21.286999,78.30534,Sunny
2023-05-16 02:00:00+00:00,26.987,21.487,71.90448,Sunny
2023-05-16 03:00:00+00:00,28.837,21.137,63.176987,Sunny
2023-05-16 04:00:00+00:00,30.536999,20.587,55.379368,Cloudy
2023-05-16 05:00:00+00:00,32.086998,20.487,50.39187,Sunny
2023-05-16 06:00:00+00:00,33.137,20.487,47.495533,Sunny
2023-05-16 07:00:00+00:00,33.987,20.536999,45.428013,Sunny
2023-05-16 08:00:00+00:00,34.637,20.587,43.948376,Sunny
2023-05-16 09:00:00+00:00,34.787,20.536999,43.449722,Sunny
2023-05-16 10:00:00+00:00,34.787,20.387,43.049496,Sunny
2023-05-16 11:00:00+00:00,33.637,20.337,45.75718,Sunny
2023-05-16 12:00:00+00:00,30.737,21.237,56.98185,Sunny
2023-05-16 13:00:00+00:00,29.337,20.786999,60.06977,Sunny
2023-05-16 14:00:00+00:00,28.536999,20.737,62.724766,Sunny
2023-05-16 15:00:00+00:00,27.437,20.987,67.916565,Sunny
2023-05-16 16:00:00+00:00,26.837,21.286999,71.65786,Sunny
2023-05-16 17:00:00+00:00,26.437,21.437,74.04362,Sunny
2023-05-16 18:00:00+00:00,25.837,20.937,74.399445,Sunny
2023-05-16 19:00:00+00:00,25.187,20.786999,76.61778,Sunny
2023-05-16 20:00:00+00:00,24.237,20.487,79.60755,Sunny
2023-05-16 21:00:00+00:00,23.637,20.587,83.04094,Sunny
2023-05-16 22:00:00+00:00,23.286999,20.437,84.031555,Sunny
2023-05-16 23:00:00+00:00,22.737,20.487,87.143936,Sunny
2023-05-17 00:00:00+00:00,22.837,20.237,85.290596,Sunny
2023-05-17 01:00:00+00:00,24.337,19.737,75.54447,Sunny
2023-05-17 02:00:00+00:00,26.087,19.737,68.07068,Sunny
2023-05-17 03:00:00+00:00,27.536999,20.437,65.271774,Cloudy
2023-05-17 04:00:00+00:00,28.837,20.637,61.264015,Cloudy
2023-05-17 05:00:00+00:00,29.687,21.387,61.078827,Cloudy
2023-05-17 06:00:00+00:00,30.987,21.786999,58.0974,Cloudy
2023-05-17 07:00:00+00:00,31.387,21.786999,56.788643,Cloudy
2023-05-17 08:00:00+00:00,31.637,21.536999,55.138355,Cloudy
2023-05-17 09:00:00+00:00,31.487,21.536999,55.610188,Cloudy
2023-05-17 10:00:00+00:00,31.687,21.237,53.980797,Cloudy
2023-05-17 11:00:00+00:00,31.286999,21.187,55.053,Cloudy
2023-05-17 12:00:00+00:00,30.036999,20.286999,55.94474,Sunny
2023-05-17 13:00:00+00:00,28.737,20.437,60.864998,Sunny
2023-05-17 14:00:00+00:00,28.387,20.637,62.885403,Cloudy
2023-05-17 15:00:00+00:00,27.536999,21.387,69.19779,Cloudy
2023-05-17 16:00:00+00:00,26.737,21.587,73.417206,Cloudy
2023-05-17 17:00:00+00:00,25.587,21.587,78.58128,Sunny
2023-05-17 18:00:00+00:00,22.737,20.237,85.80919,Cloudy
2023-05-17 19:00:00+00:00,23.387,20.637,84.56218,Cloudy
2023-05-17 20:00:00+00:00,23.237,20.786999,86.12335,Cloudy
2023-05-17 21:00:00+00:00,23.036999,20.487,85.57468,Cloudy
2023-05-17 22:00:00+00:00,22.487,20.387,87.93213,Cloudy
2023-05-17 23:00:00+00:00,22.786999,19.987,84.23667,Rainy
2023-05-18 00:00:00+00:00,23.137,20.737,86.37919,Cloudy
2023-05-18 01:00:00+00:00,23.237,20.987,87.18914,Rainy
2023-05-18 02:00:00+00:00,23.137,21.387,89.89709,Rainy
2023-05-18 03:00:00+00:00,24.786999,21.187,80.419754,Rainy
2023-05-18 04:00:00+00:00,26.687,21.137,71.63103,Cloudy
2023-05-18 05:00:00+00:00,27.987,21.187,66.581154,Cloudy
2023-05-18 06:00:00+00:00,29.737,21.487,61.277367,Cloudy
2023-05-18 07:00:00+00:00,29.536999,21.536999,62.177486,Sunny
2023-05-18 08:00:00+00:00,30.887,21.587,57.719963,Sunny
2023-05-18 09:00:00+00:00,31.487,21.536999,55.610188,Cloudy
2023-05-18 10:00:00+00:00,30.786999,21.737,58.58532,Sunny
2023-05-18 11:00:00+00:00,30.337,21.837,60.481773,Sunny
2023-05-18 12:00:00+00:00,26.487,20.687,70.50229,Sunny
2023-05-18 13:00:00+00:00,26.087,20.937,73.3065,Sunny
2023-05-18 14:00:00+00:00,25.737,20.937,74.84174,Sunny
2023-05-18 15:00:00+00:00,25.286999,21.036999,77.34288,Sunny
2023-05-18 16:00:00+00:00,24.786999,20.987,79.438225,Rainy
2023-05-18 17:00:00+00:00,23.687,21.437,87.22961,Rainy
2023-05-18 18:00:00+00:00,22.637,21.237,91.813354,Rainy
2023-05-18 19:00:00+00:00,21.987,21.187,95.224174,Rainy
2023-05-18 20:00:00+00:00,21.837,21.286999,96.69097,Rainy
2023-05-18 21:00:00+00:00,21.887,20.837,93.7688,Rainy
2023-05-18 22:00:00+00:00,22.087,20.887,92.91732,Rainy
2023-05-18 23:00:00+00:00,21.637,21.087,96.6861,Rainy
2023-05-19 00:00:00+00:00,22.487,21.737,95.53322,Rainy
2023-05-19 01:00:00+00:00,23.587,21.786999,89.655304,Cloudy
2023-05-19 02:00:00+00:00,24.337,21.587,84.663345,Cloudy
2023-05-19 03:00:00+00:00,24.937,21.237,79.947845,Cloudy
2023-05-19 04:00:00+00:00,26.337,21.487,74.71022,Cloudy
2023-05-19 05:00:00+00:00,28.286999,21.887,68.29126,Cloudy
2023-05-19 06:00:00+00:00,29.687,22.036999,63.553894,Cloudy
2023-05-19 07:00:00+00:00,30.087,22.137,62.488327,Cloudy
2023-05-19 08:00:00+00:00,30.687,21.837,59.28206,Sunny
2023-05-19 09:00:00+00:00,31.187,21.737,57.26363,Sunny
2023-05-19 10:00:00+00:00,31.487,21.837,56.63934,Sunny
2023-05-19 11:00:00+00:00,31.187,21.737,57.26363,Sunny
2023-05-19 12:00:00+00:00,28.687,22.887,70.90516,Sunny
2023-05-19 13:00:00+00:00,27.087,22.887,77.8448,Sunny
2023-05-19 14:00:00+00:00,26.337,22.687,80.37832,Sunny
2023-05-19 15:00:00+00:00,25.837,22.687,82.79066,Sunny
2023-05-19 16:00:00+00:00,25.387,22.536999,84.26093,Sunny
2023-05-19 17:00:00+00:00,24.937,22.286999,85.24404,Sunny
2023-05-19 18:00:00+00:00,24.487,22.187,87.03575,Sunny
2023-05-19 19:00:00+00:00,24.137,22.137,88.61038,Sunny
2023-05-19 20:00:00+00:00,23.737,21.937,89.66636,Sunny
2023-05-19 21:00:00+00:00,23.437,21.387,88.28304,Cloudy
2023-05-19 22:00:00+00:00,23.786999,20.987,84.34542,Cloudy
2023-05-19 23:00:00+00:00,23.937,20.786999,82.56629,Cloudy
2023-05-20 00:00:00+00:00,24.286999,22.036999,87.28329,Cloudy
2023-05-20 01:00:00+00:00,24.487,22.087,86.50719,Cloudy
2023-05-20 02:00:00+00:00,24.536999,21.937,85.4635,Cloudy
2023-05-20 03:00:00+00:00,23.937,21.337,85.40281,Rainy
2023-05-20 04:00:00+00:00,24.987,21.337,80.19999,Cloudy
2023-05-20 05:00:00+00:00,25.587,20.987,75.743164,Cloudy
2023-05-20 06:00:00+00:00,27.237,21.987,73.055214,Cloudy
2023-05-20 07:00:00+00:00,29.437,22.237,65.26674,Cloudy
2023-05-20 08:00:00+00:00,30.337,22.637,63.499912,Sunny
2023-05-20 09:00:00+00:00,30.937,22.786999,61.91866,Sunny
2023-05-20 10:00:00+00:00,31.187,22.737,60.857597,Sunny
2023-05-20 11:00:00+00:00,30.987,22.786999,61.742268,Sunny
2023-05-20 12:00:00+00:00,29.687,23.786999,70.65953,Sunny
2023-05-20 13:00:00+00:00,27.887,23.837,78.66771,Sunny
2023-05-20 14:00:00+00:00,27.087,23.687,81.6981,Sunny
2023-05-20 15:00:00+00:00,26.487,22.987,81.131676,Sunny
2023-05-20 16:00:00+00:00,25.786999,22.337,81.2896,Sunny
2023-05-20 17:00:00+00:00,25.237,22.137,82.972626,Sunny
2023-05-20 18:00:00+00:00,24.937,21.786999,82.6849,Sunny
2023-05-20 19:00:00+00:00,24.737,21.437,81.905846,Sunny
2023-05-20 20:00:00+00:00,24.587,21.237,81.636734,Sunny
2023-05-20 21:00:00+00:00,24.337,21.087,82.10837,Sunny
2023-05-20 22:00:00+00:00,24.087,21.087,83.34873,Sunny
2023-05-20 23:00:00+00:00,23.837,21.387,86.18142,Sunny
2023-05-21 00:00:00+00:00,24.887,21.887,83.43983,Sunny
2023-05-21 01:00:00+00:00,24.837,20.487,76.800545,Sunny
2023-05-21 02:00:00+00:00,25.987,21.687,77.21075,Sunny
2023-05-21 03:00:00+00:00,27.837,22.087,70.96638,Cloudy
2023-05-21 04:00:00+00:00,27.887,21.837,69.68873,Cloudy
2023-05-21 05:00:00+00:00,28.737,21.387,64.525955,Sunny
2023-05-21 06:00:00+00:00,30.286999,22.387,62.722412,Sunny
2023-05-21 07:00:00+00:00,31.637,23.036999,60.407772,Cloudy
2023-05-21 08:00:00+00:00,32.137,23.087,58.897945,Sunny
2023-05-21 09:00:00+00:00,32.187,23.237,59.266575,Sunny
2023-05-21 10:00:00+00:00,31.237,23.487,63.500164,Rainy
2023-05-21 11:00:00+00:00,30.987,23.137,63.064476,Sunny
2023-05-21 12:00:00+00:00,28.587,23.036999,71.96845,Sunny
2023-05-21 13:00:00+00:00,27.536999,22.786999,75.36062,Sunny
2023-05-21 14:00:00+00:00,26.737,22.437,77.3226,Sunny
2023-05-21 15:00:00+00:00,25.937,21.837,78.1525,Sunny
2023-05-21 16:00:00+00:00,25.187,21.637,80.718796,Sunny
2023-05-21 17:00:00+00:00,24.737,21.487,82.157,Sunny
2023-05-21 18:00:00+00:00,24.237,21.337,83.87854,Sunny
2023-05-21 19:00:00+00:00,23.987,21.286999,84.886024,Sunny
2023-05-21 20:00:00+00:00,23.937,21.087,84.10308,Sunny
2023-05-21 21:00:00+00:00,23.887,20.887,83.32585,Sunny
2023-05-21 22:00:00+00:00,23.637,20.786999,84.07013,Sunny
2023-05-21 23:00:00+00:00,23.337,20.786999,85.6048,Sunny
2023-05-22 00:00:00+00:00,24.387,21.786999,85.44836,Sunny
2023-05-22 01:00:00+00:00,25.337,22.036999,81.979355,Sunny
2023-05-22 02:00:00+00:00,26.637,22.587,78.49119,Sunny
2023-05-22 03:00:00+00:00,28.187,23.036999,73.66187,Cloudy
2023-05-22 04:00:00+00:00,29.887,22.987,66.55885,Cloudy
2023-05-22 05:00:00+00:00,30.687,23.387,65.13035,Cloudy
2023-05-22 06:00:00+00:00,30.237,23.536999,67.43785,Cloudy
2023-05-22 07:00:00+00:00,31.737,23.286999,60.9805,Cloudy
2023-05-22 08:00:00+00:00,32.387,23.087,58.07159,Sunny
2023-05-22 09:00:00+00:00,32.787,22.987,56.434025,Sunny
2023-05-22 10:00:00+00:00,32.787,22.987,56.434025,Sunny
2023-05-22 11:00:00+00:00,32.336998,22.687,56.84175,Sunny
2023-05-22 12:00:00+00:00,30.337,22.887,64.46974,Cloudy
2023-05-22 13:00:00+00:00,29.437,23.087,68.721176,Cloudy
2023-05-22 14:00:00+00:00,28.237,23.237,74.34127,Sunny
2023-05-22 15:00:00+00:00,27.536999,23.487,78.618484,Sunny
2023-05-22 16:00:00+00:00,27.036999,23.337,80.22743,Sunny
2023-05-22 17:00:00+00:00,26.637,23.237,81.64263,Sunny
2023-05-22 18:00:00+00:00,26.187,23.286999,84.0928,Sunny
2023-05-22 19:00:00+00:00,25.786999,23.187,85.58876,Cloudy
2023-05-22 20:00:00+00:00,24.937,22.637,87.07649,Rainy
2023-05-22 21:00:00+00:00,23.437,21.887,91.02384,Rainy
2023-05-22 22:00:00+00:00,23.187,21.887,92.40827,Rainy
2023-05-22 23:00:00+00:00,22.937,21.237,90.158745,Cloudy
2023-05-23 00:00:00+00:00,22.837,21.286999,90.98504,Rainy
2023-05-23 01:00:00+00:00,23.036999,21.087,88.79359,Rainy
2023-05-23 02:00:00+00:00,23.786999,21.237,85.649895,Rainy
2023-05-23 03:00:00+00:00,25.737,21.687,78.36276,Rainy
2023-05-23 04:00:00+00:00,27.437,22.286999,73.535706,Cloudy
2023-05-23 05:00:00+00:00,29.237,22.536999,67.240166,Cloudy
2023-05-23 06:00:00+00:00,29.286999,22.786999,68.071014,Cloudy
2023-05-23 07:00:00+00:00,29.987,23.036999,66.37786,Cloudy
2023-05-23 08:00:00+00:00,30.437,23.087,64.882126,Cloudy
2023-05-23 09:00:00+00:00,31.036999,23.137,62.884903,Cloudy
2023-05-23 10:00:00+00:00,30.887,22.837,62.284096,Cloudy
2023-05-23 11:00:00+00:00,31.187,22.737,60.857597,Cloudy
2023-05-23 12:00:00+00:00,28.687,22.887,70.90516,Cloudy
2023-05-23 13:00:00+00:00,27.837,23.137,75.63659,Cloudy
2023-05-23 14:00:00+00:00,27.187,23.387,79.764534,Cloudy
2023-05-23 15:00:00+00:00,25.837,23.187,85.33551,Rainy
2023-05-23 16:00:00+00:00,23.487,22.587,94.70015,Rainy
2023-05-23 17:00:00+00:00,23.687,22.737,94.42122,Rainy
2023-05-23 18:00:00+00:00,23.087,22.237,94.97326,Rainy
2023-05-23 19:00:00+00:00,23.036999,22.237,95.26098,Rainy
2023-05-23 20:00:00+00:00,22.987,22.337,96.13282,Sunny
2023-05-23 21:00:00+00:00,22.786999,22.337,97.304535,Sunny
2023-05-23 22:00:00+00:00,22.737,22.237,97.00786,Sunny
2023-05-23 23:00:00+00:00,22.437,22.036999,97.59457,Sunny
2023-05-24 00:00:00+00:00,22.536999,21.937,96.41366,Sunny
2023-05-24 01:00:00+00:00,23.587,22.286999,92.43019,Sunny
2023-05-24 02:00:00+00:00,24.887,22.337,85.75921,Sunny
2023-05-24 03:00:00+00:00,26.737,22.137,75.92392,Sunny
2023-05-24 04:00:00+00:00,28.387,21.786999,67.48192,Sunny
2023-05-24 05:00:00+00:00,29.837,21.737,61.864414,Sunny
2023-05-24 06:00:00+00:00,30.837,21.637,58.062237,Sunny
2023-05-24 07:00:00+00:00,31.637,21.637,55.476665,Sunny
2023-05-24 08:00:00+00:00,32.037,21.637,54.232773,Sunny
2023-05-24 09:00:00+00:00,32.237,21.786999,54.116444,Cloudy
2023-05-24 10:00:00+00:00,31.887,21.737,55.030846,Cloudy
2023-05-24 11:00:00+00:00,31.337,21.737,56.7767,Cloudy
2023-05-24 12:00:00+00:00,29.637,25.137,76.827896,Sunny
2023-05-24 13:00:00+00:00,27.786999,22.187,71.60876,Sunny
2023-05-24 14:00:00+00:00,27.036999,21.536999,71.913345,Sunny
2023-05-24 15:00:00+00:00,26.737,21.036999,70.9833,Cloudy
2023-05-24 16:00:00+00:00,26.487,20.786999,70.937675,Sunny
2023-05-24 17:00:00+00:00,26.137,20.536999,71.31215,Sunny
2023-05-24 18:00:00+00:00,26.187,20.137,69.36694,Sunny
2023-05-24 19:00:00+00:00,25.987,19.837,68.90054,Sunny
2023-05-24 20:00:00+00:00,25.286999,20.187,73.39594,Rainy
2023-05-24 21:00:00+00:00,24.387,21.187,82.3668,Rainy
2023-05-24 22:00:00+00:00,23.837,21.237,85.39266,Rainy
2023-05-24 23:00:00+00:00,23.437,21.286999,87.74364,Sunny
2023-05-25 00:00:00+00:00,24.337,21.087,82.10837,Sunny
2023-05-25 01:00:00+00:00,25.487,22.137,81.74834,Sunny
2023-05-25 02:00:00+00:00,27.087,22.487,75.978584,Sunny
2023-05-25 03:00:00+00:00,28.187,22.786999,72.55499,Cloudy
2023-05-25 04:00:00+00:00,29.237,23.387,70.79082,Rainy
2023-05-25 05:00:00+00:00,30.137,23.837,69.06224,Rainy
2023-05-25 06:00:00+00:00,31.237,23.837,64.852806,Rainy
2023-05-25 07:00:00+00:00,30.137,23.487,67.6218,Rainy
2023-05-25 08:00:00+00:00,26.437,23.487,83.86679,Rainy
2023-05-25 09:00:00+00:00,28.737,23.987,75.55037,Cloudy
2023-05-25 10:00:00+00:00,29.387,24.137,73.42024,Cloudy
2023-05-25 11:00:00+00:00,26.637,23.737,84.141685,Rainy
2023-05-25 12:00:00+00:00,29.887,25.036999,75.280396,Rainy
2023-05-25 13:00:00+00:00,26.036999,22.387,80.3389,Rainy
2023-05-25 14:00:00+00:00,25.737,23.087,85.3254,Rainy
2023-05-25 15:00:00+00:00,25.587,23.237,86.87224,Cloudy
2023-05-25 16:00:00+00:00,24.837,23.187,90.56459,Cloudy
2023-05-25 17:00:00+00:00,24.137,22.837,92.46023,Cloudy
2023-05-25 18:00:00+00:00,23.887,22.687,93.00934,Cloudy
2023-05-25 19:00:00+00:00,23.536999,22.087,91.58695,Cloudy
2023-05-25 20:00:00+00:00,23.286999,21.637,90.45955,Cloudy
2023-05-25 21:00:00+00:00,22.737,21.237,91.25804,Cloudy
2023-05-25 22:00:00+00:00,22.437,20.987,91.51994,Sunny
2023-05-25 23:00:00+00:00,22.237,21.036999,92.925064,Sunny
2023-05-26 00:00:00+00:00,23.187,22.387,95.266174,Sunny
2023-05-26 01:00:00+00:00,24.437,22.536999,89.174644,Sunny
2023-05-26 02:00:00+00:00,25.786999,22.737,83.288574,Sunny
2023-05-26 03:00:00+00:00,27.237,23.036999,77.866615,Sunny
2023-05-26 04:00:00+00:00,28.837,22.837,70.078545,Sunny
2023-05-26 05:00:00+00:00,30.087,22.837,65.203255,Sunny
2023-05-26 06:00:00+00:00,30.786999,23.237,64.17534,Sunny
2023-05-26 07:00:00+00:00,31.286999,23.286999,62.560036,Sunny
2023-05-26 08:00:00+00:00,31.437,22.637,59.634987,Cloudy
2023-05-26 09:00:00+00:00,30.087,22.637,64.41721,Rainy
2023-05-26 10:00:00+00:00,27.937,23.437,76.57126,Rainy
2023-05-26 11:00:00+00:00,28.286999,23.087,73.45622,Cloudy
2023-05-26 12:00:00+00:00,28.087,22.937,73.645096,Sunny
2023-05-26 13:00:00+00:00,26.487,23.137,81.871216,Cloudy
2023-05-26 14:00:00+00:00,26.087,22.987,83.070946,Sunny
2023-05-26 15:00:00+00:00,25.437,22.837,85.55385,Sunny
2023-05-26 16:00:00+00:00,24.937,22.637,87.07649,Sunny
2023-05-26 17:00:00+00:00,24.937,22.487,86.28699,Sunny
2023-05-26 18:00:00+00:00,24.937,22.387,85.76412,Cloudy
2023-05-26 19:00:00+00:00,23.737,21.837,89.12079,Rainy
2023-05-26 20:00:00+00:00,22.687,21.437,92.66409,Rainy
2023-05-26 21:00:00+00:00,22.737,21.737,94.09446,Rainy
2023-05-26 22:00:00+00:00,22.536999,21.637,94.66312,Rainy
2023-05-26 23:00:00+00:00,22.087,21.437,96.10698,Rainy
2023-05-27 00:00:00+00:00,23.137,21.937,92.97122,Rainy
2023-05-27 01:00:00+00:00,23.937,22.187,89.95458,Cloudy
2023-05-27 02:00:00+00:00,25.187,22.536999,85.26953,Sunny
2023-05-27 03:00:00+00:00,26.437,22.187,77.51365,Sunny
2023-05-27 04:00:00+00:00,27.487,21.987,71.99303,Rainy
2023-05-27 05:00:00+00:00,28.437,22.187,68.94763,Rainy
2023-05-27 06:00:00+00:00,29.286999,22.387,66.437874,Rainy
2023-05-27 07:00:00+00:00,29.387,21.737,63.489548,Sunny
2023-05-27 08:00:00+00:00,29.786999,21.987,62.996754,Sunny
2023-05-27 09:00:00+00:00,30.286999,22.387,62.722412,Sunny
2023-05-27 10:00:00+00:00,30.387,21.937,60.67792,Sunny
2023-05-27 11:00:00+00:00,30.137,21.637,60.436523,Sunny
2023-05-27 12:00:00+00:00,28.137,21.937,69.100746,Sunny
2023-05-27 13:00:00+00:00,26.637,21.637,74.076935,Sunny
2023-05-27 14:00:00+00:00,25.786999,21.337,76.47495,Sunny
2023-05-27 15:00:00+00:00,25.237,21.286999,78.7726,Sunny
2023-05-27 16:00:00+00:00,24.737,21.536999,82.408775,Sunny
2023-05-27 17:00:00+00:00,24.187,21.687,85.9521,Sunny
2023-05-27 18:00:00+00:00,23.786999,21.737,88.312004,Sunny
2023-05-27 19:00:00+00:00,23.337,21.737,90.7398,Sunny
2023-05-27 20:00:00+00:00,23.087,21.536999,91.00123,Sunny
2023-05-27 21:00:00+00:00,22.786999,21.337,91.54134,Sunny
2023-05-27 22:00:00+00:00,22.687,21.237,91.53523,Sunny
2023-05-27 23:00:00+00:00,22.687,21.237,91.53523,Cloudy
2023-05-28 00:00:00+00:00,23.587,21.937,90.48001,Cloudy
2023-05-28 01:00:00+00:00,24.837,22.387,86.27742,Cloudy
2023-05-28 02:00:00+00:00,26.237,22.587,80.3652,Rainy
2023-05-28 03:00:00+00:00,26.637,22.786999,79.44929,Rainy
2023-05-28 04:00:00+00:00,27.087,22.837,77.60937,Rainy
2023-05-28 05:00:00+00:00,28.286999,22.387,70.40329,Rainy
2023-05-28 06:00:00+00:00,29.487,22.087,64.48694,Sunny
2023-05-28 07:00:00+00:00,30.237,21.737,60.45915,Sunny
2023-05-28 08:00:00+00:00,30.536999,21.786999,59.61062,Sunny
2023-05-28 09:00:00+00:00,30.737,21.737,58.752922,Sunny
2023-05-28 10:00:00+00:00,30.637,21.687,58.909508,Sunny
2023-05-28 11:00:00+00:00,30.237,21.587,59.90726,Sunny
2023-05-28 12:00:00+00:00,29.987,23.536999,68.41276,Sunny
2023-05-28 13:00:00+00:00,28.337,22.487,70.626755,Sunny
2023-05-28 14:00:00+00:00,27.337,22.437,74.64552,Sunny
2023-05-28 15:00:00+00:00,26.587,21.887,75.43881,Sunny
2023-05-28 16:00:00+00:00,25.937,21.536999,76.73245,Sunny
2023-05-28 17:00:00+00:00,25.487,21.437,78.326904,Sunny
2023-05-28 18:00:00+00:00,25.187,21.587,80.47236,Sunny
2023-05-28 19:00:00+00:00,24.737,21.737,83.42278,Sunny
2023-05-28 20:00:00+00:00,24.237,21.837,86.483604,Sunny
2023-05-28 21:00:00+00:00,23.786999,21.887,89.12465,Sunny
2023-05-28 22:00:00+00:00,23.437,21.887,91.02384,Sunny
2023-05-28 23:00:00+00:00,23.187,21.786999,91.845795,Sunny
2023-05-29 00:00:00+00:00,24.286999,22.587,90.25322,Sunny
2023-05-29 01:00:00+00:00,26.487,23.387,83.11691,Sunny
2023-05-29 02:00:00+00:00,28.687,23.737,74.639275,Sunny
2023-05-29 03:00:00+00:00,30.286999,23.437,66.84051,Sunny
2023-05-29 04:00:00+00:00,31.437,22.887,60.545788,Sunny
2023-05-29 05:00:00+00:00,32.336998,22.437,55.985386,Sunny
2023-05-29 06:00:00+00:00,33.086998,22.187,52.85917,Sunny
2023-05-29 07:00:00+00:00,33.586998,21.937,50.620354,Sunny
2023-05-29 08:00:00+00:00,33.937,21.536999,48.440952,Sunny
2023-05-29 09:00:00+00:00,33.987,21.137,47.13614,Sunny
2023-05-29 10:00:00+00:00,33.887,20.737,46.248783,Sunny
2023-05-29 11:00:00+00:00,33.437,21.337,49.208523,Sunny
2023-05-29 12:00:00+00:00,31.687,25.637,70.39134,Sunny
2023-05-29 13:00:00+00:00,29.237,23.587,71.64975,Sunny
2023-05-29 14:00:00+00:00,28.887,22.937,70.30038,Sunny
2023-05-29 15:00:00+00:00,28.087,22.387,71.22797,Sunny
2023-05-29 16:00:00+00:00,27.237,22.637,76.001945,Sunny
2023-05-29 17:00:00+00:00,26.637,22.687,78.968956,Sunny
2023-05-29 18:00:00+00:00,26.337,22.387,78.927086,Sunny
2023-05-29 19:00:00+00:00,25.887,22.036999,79.34652,Sunny
2023-05-29 20:00:00+00:00,25.237,21.937,81.96714,Sunny
2023-05-29 21:00:00+00:00,24.687,21.987,84.95911,Sunny
2023-05-29 22:00:00+00:00,24.387,21.987,86.49778,Sunny
2023-05-29 23:00:00+00:00,23.887,22.036999,89.40452,Sunny
2023-05-30 00:00:00+00:00,25.687,22.637,83.27715,Sunny
2023-05-30 01:00:00+00:00,28.487,23.637,75.05769,Sunny
2023-05-30 02:00:00+00:00,30.737,23.737,66.32894,Sunny
2023-05-30 03:00:00+00:00,32.287,23.637,60.371803,Sunny
2023-05-30 04:00:00+00:00,33.487,23.187,54.918804,Sunny
2023-05-30 05:00:00+00:00,34.437,22.536999,50.070915,Sunny
2023-05-30 06:00:00+00:00,35.287,22.237,46.90172,Sunny
2023-05-30 07:00:00+00:00,35.836998,22.286999,45.638157,Sunny
2023-05-30 08:00:00+00:00,36.387,21.837,43.081024,Sunny
2023-05-30 09:00:00+00:00,36.437,21.437,41.924946,Sunny
2023-05-30 10:00:00+00:00,36.037,21.587,43.251434,Sunny
2023-05-30 11:00:00+00:00,35.086998,22.637,48.59074,Sunny
2023-05-30 12:00:00+00:00,33.137,24.036999,58.950325,Cloudy
2023-05-30 13:00:00+00:00,30.437,24.237,69.53482,Sunny
2023-05-30 14:00:00+00:00,29.837,22.637,65.34948,Sunny
2023-05-30 15:00:00+00:00,29.337,21.286999,61.943287,Cloudy
2023-05-30 16:00:00+00:00,29.237,21.036999,61.35358,Sunny
2023-05-30 17:00:00+00:00,28.187,21.887,68.68992,Sunny
2023-05-30 18:00:00+00:00,27.437,22.687,75.3447,Sunny
2023-05-30 19:00:00+00:00,26.937,22.837,78.29619,Sunny
2023-05-30 20:00:00+00:00,26.536999,22.737,79.67691,Sunny
2023-05-30 21:00:00+00:00,25.987,22.637,81.80994,Sunny
2023-05-30 22:00:00+00:00,25.687,22.437,82.271736,Sunny
2023-05-30 23:00:00+00:00,25.687,21.987,80.04835,Sunny
2023-05-31 00:00:00+00:00,26.187,21.837,77.00527,Cloudy
2023-05-31 01:00:00+00:00,28.187,22.987,73.43932,Sunny
2023-05-31 02:00:00+00:00,29.937,23.536999,68.60964,Cloudy
2023-05-31 03:00:00+00:00,31.536999,24.337,65.69822,Sunny
2023-05-31 04:00:00+00:00,33.137,25.036999,62.5849,Sunny
2023-05-31 05:00:00+00:00,34.637,24.337,55.196808,Sunny
2023-05-31 06:00:00+00:00,36.086998,22.487,45.565342,Sunny
2023-05-31 07:00:00+00:00,36.887,21.387,40.779495,Sunny
2023-05-31 08:00:00+00:00,37.336998,20.786999,38.3509,Sunny
2023-05-31 09:00:00+00:00,37.387,20.637,37.894924,Sunny
2023-05-31 10:00:00+00:00,36.987,20.737,38.970146,Sunny
2023-05-31 11:00:00+00:00,36.287,22.087,43.983746,Sunny
2023-05-31 12:00:00+00:00,34.887,20.937,44.286636,Sunny
2023-05-31 13:00:00+00:00,34.387,18.837,39.97824,Sunny
2023-05-31 14:00:00+00:00,32.037,21.587,54.067196,Sunny
2023-05-31 15:00:00+00:00,31.087,20.887,54.66705,Sunny
2023-05-31 16:00:00+00:00,29.937,22.587,64.77788,Sunny
2023-05-31 17:00:00+00:00,29.286999,23.337,70.37396,Sunny
2023-05-31 18:00:00+00:00,28.737,23.387,72.8697,Sunny
2023-05-31 19:00:00+00:00,27.437,23.887,81.007675,Sunny
2023-05-31 20:00:00+00:00,26.536999,23.487,83.37372,Sunny
2023-05-31 21:00:00+00:00,25.687,22.987,85.06255,Sunny
2023-05-31 22:00:00+00:00,25.137,22.637,86.04462,Sunny
2023-05-31 23:00:00+00:00,24.237,22.587,90.52415,Sunny
2023-06-01 00:00:00+00:00,27.187,19.087,61.272644,Sunny
2023-06-01 01:00:00+00:00,28.737,18.286999,53.244823,Sunny
2023-06-01 02:00:00+00:00,29.786999,21.286999,60.357185,Sunny
2023-06-01 03:00:00+00:00,31.087,24.187,66.79902,Sunny
2023-06-01 04:00:00+00:00,32.537,24.937,64.34964,Sunny
2023-06-01 05:00:00+00:00,34.037,24.536999,57.759365,Cloudy
2023-06-01 06:00:00+00:00,36.137,20.337,39.833443,Sunny
2023-06-01 07:00:00+00:00,37.487,15.737,27.709044,Sunny
2023-06-01 08:00:00+00:00,37.937,15.487,26.610247,Sunny
2023-06-01 09:00:00+00:00,38.086998,15.687,26.734913,Sunny
2023-06-01 10:00:00+00:00,37.836998,16.437,28.42837,Sunny
2023-06-01 11:00:00+00:00,36.687,17.286999,31.9441,Sunny
2023-06-01 12:00:00+00:00,35.187,12.787001,25.974361,Sunny
2023-06-01 13:00:00+00:00,34.487,11.587001,24.953943,Sunny
2023-06-01 14:00:00+00:00,33.687,11.737,26.352356,Sunny
2023-06-01 15:00:00+00:00,30.887,12.837001,33.183815,Sunny
2023-06-01 16:00:00+00:00,31.437,12.037001,30.51514,Sunny
2023-06-01 17:00:00+00:00,31.337,12.487,31.610361,Sunny
2023-06-01 18:00:00+00:00,30.786999,13.487,34.819992,Sunny
2023-06-01 19:00:00+00:00,28.737,14.437,41.670765,Sunny
2023-06-01 20:00:00+00:00,26.837,15.637,50.2968,Sunny
2023-06-01 21:00:00+00:00,26.437,15.787001,51.99246,Sunny
2023-06-01 22:00:00+00:00,26.036999,15.687,52.896244,Sunny
2023-06-01 23:00:00+00:00,25.487,15.637,54.474815,Sunny
2023-06-02 00:00:00+00:00,26.187,17.437,58.597713,Sunny
2023-06-02 01:00:00+00:00,28.687,18.587,54.412666,Sunny
2023-06-02 02:00:00+00:00,30.737,18.937,49.423717,Sunny
2023-06-02 03:00:00+00:00,32.637,18.786999,43.957664,Sunny
2023-06-02 04:00:00+00:00,34.237,18.737,40.062447,Sunny
2023-06-02 05:00:00+00:00,35.637,18.487,36.49542,Sunny
2023-06-02 06:00:00+00:00,36.887,17.587,32.200676,Sunny
2023-06-02 07:00:00+00:00,37.836998,16.536999,28.609743,Sunny
2023-06-02 08:00:00+00:00,38.037,15.887,27.152508,Sunny
2023-06-02 09:00:00+00:00,38.237,15.987,27.031954,Sunny
2023-06-02 10:00:00+00:00,37.887,16.237,27.99256,Sunny
2023-06-02 11:00:00+00:00,36.537,18.337,34.40856,Sunny
2023-06-02 12:00:00+00:00,34.137,21.036999,46.457214,Sunny
2023-06-02 13:00:00+00:00,31.587,20.687,52.483715,Sunny
2023-06-02 14:00:00+00:00,33.637,17.737,38.90772,Sunny
2023-06-02 15:00:00+00:00,33.086998,17.536999,39.62353,Sunny
2023-06-02 16:00:00+00:00,28.387,19.536999,58.748016,Sunny
2023-06-02 17:00:00+00:00,28.587,19.587,58.249943,Sunny
2023-06-02 18:00:00+00:00,27.187,19.937,64.59604,Sunny
2023-06-02 19:00:00+00:00,27.237,19.587,63.02381,Sunny
2023-06-02 20:00:00+00:00,25.337,20.786999,75.93695,Sunny
2023-06-02 21:00:00+00:00,24.737,20.737,78.460014,Sunny
2023-06-02 22:00:00+00:00,24.637,20.737,78.930336,Sunny
2023-06-02 23:00:00+00:00,24.937,20.987,78.73022,Sunny
2023-06-03 00:00:00+00:00,26.087,21.237,74.669365,Sunny
2023-06-03 01:00:00+00:00,27.937,22.637,72.95316,Sunny
2023-06-03 02:00:00+00:00,29.637,23.087,67.933334,Sunny
2023-06-03 03:00:00+00:00,31.387,22.587,59.623604,Sunny
2023-06-03 04:00:00+00:00,32.937,22.187,53.306732,Sunny
2023-06-03 05:00:00+00:00,34.537,21.786999,47.569897,Sunny
2023-06-03 06:00:00+00:00,36.086998,21.487,42.86955,Sunny
2023-06-03 07:00:00+00:00,37.487,19.737,35.64938,Sunny
2023-06-03 08:00:00+00:00,38.387,16.536999,27.769608,Sunny
2023-06-03 09:00:00+00:00,38.336998,16.087,27.058186,Sunny
2023-06-03 10:00:00+00:00,37.437,17.737,31.545593,Sunny
2023-06-03 11:00:00+00:00,36.187,18.036999,34.42139,Sunny
2023-06-03 12:00:00+00:00,34.137,20.286999,44.359715,Sunny
2023-06-03 13:00:00+00:00,31.087,19.237,49.360783,Sunny
2023-06-03 14:00:00+00:00,30.237,17.237,45.70744,Sunny
2023-06-03 15:00:00+00:00,31.387,16.737,41.46702,Sunny
2023-06-03 16:00:00+00:00,29.987,16.837,45.208374,Sunny
2023-06-03 17:00:00+00:00,26.737,17.187,55.838257,Sunny
2023-06-03 18:00:00+00:00,26.687,16.737,54.42853,Sunny
2023-06-03 19:00:00+00:00,25.237,19.387,70.05179,Sunny
2023-06-03 20:00:00+00:00,25.387,22.036999,81.736,Sunny
2023-06-03 21:00:00+00:00,25.036999,23.536999,91.401184,Sunny
2023-06-03 22:00:00+00:00,25.036999,23.737,92.50894,Sunny
2023-06-03 23:00:00+00:00,24.887,23.387,91.39197,Sunny
2023-06-04 00:00:00+00:00,26.487,23.937,85.91602,Sunny
2023-06-04 01:00:00+00:00,28.387,24.737,80.644775,Sunny
2023-06-04 02:00:00+00:00,30.337,25.036999,73.36041,Sunny
2023-06-04 03:00:00+00:00,31.937,24.837,66.17356,Sunny
2023-06-04 04:00:00+00:00,33.537,24.837,60.470936,Sunny
2023-06-04 05:00:00+00:00,35.237,24.087,52.59653,Sunny
2023-06-04 06:00:00+00:00,36.586998,22.337,43.92959,Sunny
2023-06-04 07:00:00+00:00,37.086998,19.987,37.004147,Sunny
2023-06-04 08:00:00+00:00,38.237,18.286999,31.267128,Sunny
2023-06-04 09:00:00+00:00,38.887,17.587,28.888136,Sunny
2023-06-04 10:00:00+00:00,37.387,19.536999,35.401726,Sunny
2023-06-04 11:00:00+00:00,36.336998,19.286999,36.915207,Sunny
2023-06-04 12:00:00+00:00,33.687,19.937,44.5144,Sunny
2023-06-04 13:00:00+00:00,31.387,20.237,51.630306,Sunny
2023-06-04 14:00:00+00:00,29.437,20.937,60.27763,Sunny
2023-06-04 15:00:00+00:00,29.087,20.487,59.827854,Sunny
2023-06-04 16:00:00+00:00,28.286999,20.487,62.670063,Sunny
2023-06-04 17:00:00+00:00,27.536999,20.087,63.875393,Sunny
2023-06-04 18:00:00+00:00,28.237,19.237,58.167316,Sunny
2023-06-04 19:00:00+00:00,28.036999,19.087,58.301517,Sunny
2023-06-04 20:00:00+00:00,27.587,19.087,59.853725,Sunny
2023-06-04 21:00:00+00:00,27.237,19.837,64.00903,Sunny
2023-06-04 22:00:00+00:00,26.337,20.487,70.25758,Sunny
2023-06-04 23:00:00+00:00,25.987,21.087,74.42421,Sunny
2023-06-05 00:00:00+00:00,26.987,22.786999,77.83025,Sunny
2023-06-05 01:00:00+00:00,28.786999,23.536999,73.31907,Sunny
2023-06-05 02:00:00+00:00,30.536999,23.536999,66.2886,Sunny
2023-06-05 03:00:00+00:00,31.937,23.786999,62.13781,Sunny
2023-06-05 04:00:00+00:00,33.086998,23.837,58.409847,Sunny
2023-06-05 05:00:00+00:00,34.437,23.937,54.49021,Sunny
2023-06-05 06:00:00+00:00,35.687,24.087,51.30551,Sunny
2023-06-05 07:00:00+00:00,36.687,22.087,43.029713,Sunny
2023-06-05 08:00:00+00:00,37.537,19.087,34.144062,Sunny
2023-06-05 09:00:00+00:00,37.887,18.337,31.966124,Sunny
2023-06-05 10:00:00+00:00,37.787,18.387,32.241066,Sunny
2023-06-05 11:00:00+00:00,36.887,19.237,35.70837,Sunny
2023-06-05 12:00:00+00:00,35.037,20.737,43.38291,Sunny
2023-06-05 13:00:00+00:00,32.937,21.437,50.920364,Sunny
2023-06-05 14:00:00+00:00,31.687,21.387,54.479412,Sunny
2023-06-05 15:00:00+00:00,30.437,21.587,59.224438,Sunny
2023-06-05 16:00:00+00:00,29.587,21.487,61.80911,Sunny
2023-06-05 17:00:00+00:00,29.137,22.237,66.40755,Sunny
2023-06-05 18:00:00+00:00,28.587,23.187,72.62423,Sunny
2023-06-05 19:00:00+00:00,27.887,23.637,77.726395,Sunny
2023-06-05 20:00:00+00:00,27.337,23.937,81.72883,Sunny
2023-06-05 21:00:00+00:00,27.137,23.937,82.69299,Sunny
2023-06-05 22:00:00+00:00,26.786999,24.087,85.17519,Sunny
2023-06-05 23:00:00+00:00,26.587,24.237,86.96321,Sunny
2023-06-06 00:00:00+00:00,27.637,24.587,83.49748,Sunny
2023-06-06 01:00:00+00:00,29.036999,24.337,75.824356,Sunny
2023-06-06 02:00:00+00:00,29.937,23.187,67.17546,Sunny
2023-06-06 03:00:00+00:00,31.737,23.237,60.79661,Sunny
2023-06-06 04:00:00+00:00,33.537,23.937,57.297466,Sunny
2023-06-06 05:00:00+00:00,35.037,24.237,53.662853,Sunny
2023-06-06 06:00:00+00:00,36.187,23.737,48.873745,Sunny
2023-06-06 07:00:00+00:00,37.037,22.087,42.21412,Sunny
2023-06-06 08:00:00+00:00,37.387,20.337,37.200153,Sunny
2023-06-06 09:00:00+00:00,38.086998,18.687,32.321896,Sunny
2023-06-06 10:00:00+00:00,37.637,18.437,32.606964,Sunny
2023-06-06 11:00:00+00:00,36.836998,19.337,36.02971,Sunny
2023-06-06 12:00:00+00:00,35.287,21.286999,44.25725,Sunny
2023-06-06 13:00:00+00:00,33.137,21.937,51.9138,Sunny
2023-06-06 14:00:00+00:00,32.237,22.286999,55.791378,Sunny
2023-06-06 15:00:00+00:00,31.337,21.437,55.74429,Sunny
2023-06-06 16:00:00+00:00,30.637,21.286999,57.484535,Sunny
2023-06-06 17:00:00+00:00,30.337,21.637,59.74716,Sunny
2023-06-06 18:00:00+00:00,29.887,21.687,61.498566,Sunny
2023-06-06 19:00:00+00:00,29.536999,21.687,62.75052,Sunny
2023-06-06 20:00:00+00:00,28.987,21.687,64.77633,Sunny
2023-06-06 21:00:00+00:00,28.637,22.137,67.94416,Sunny
2023-06-06 22:00:00+00:00,28.387,22.637,71.06605,Sunny
2023-06-06 23:00:00+00:00,27.887,23.087,75.188515,Sunny
2023-06-07 00:00:00+00:00,28.487,24.237,77.81358,Sunny
2023-06-07 01:00:00+00:00,30.237,24.786999,72.68993,Sunny
2023-06-07 02:00:00+00:00,31.487,22.987,60.740635,Sunny
2023-06-07 03:00:00+00:00,33.437,23.036999,54.575596,Sunny
2023-06-07 04:00:00+00:00,35.287,24.087,52.451305,Sunny
2023-06-07 05:00:00+00:00,36.687,24.087,48.562782,Sunny
2023-06-07 06:00:00+00:00,37.537,22.286999,41.582447,Sunny
2023-06-07 07:00:00+00:00,38.437,21.087,36.8006,Sunny
2023-06-07 08:00:00+00:00,38.937,20.087,33.679653,Sunny
2023-06-07 09:00:00+00:00,38.987,18.587,30.595858,Sunny
2023-06-07 10:00:00+00:00,38.637,18.286999,30.598196,Sunny
2023-06-07 11:00:00+00:00,37.887,18.837,32.982174,Sunny
2023-06-07 12:00:00+00:00,35.537,21.337,43.784176,Sunny
2023-06-07 13:00:00+00:00,33.637,21.237,48.363056,Sunny
2023-06-07 14:00:00+00:00,32.637,21.237,51.15688,Cloudy
2023-06-07 15:00:00+00:00,31.687,21.137,53.6506,Sunny
2023-06-07 16:00:00+00:00,31.536999,21.137,54.10956,Sunny
2023-06-07 17:00:00+00:00,30.487,21.637,59.235962,Sunny
2023-06-07 18:00:00+00:00,29.637,22.137,64.12681,Sunny
2023-06-07 19:00:00+00:00,28.887,22.687,69.24322,Sunny
2023-06-07 20:00:00+00:00,28.437,23.237,73.48148,Sunny
2023-06-07 21:00:00+00:00,28.036999,23.637,77.04934,Sunny
2023-06-07 22:00:00+00:00,27.937,24.036999,79.387,Sunny
2023-06-07 23:00:00+00:00,27.837,24.387,81.545525,Sunny
2023-06-08 00:00:00+00:00,26.687,22.137,76.147736,Sunny
2023-06-08 01:00:00+00:00,28.286999,22.487,70.83251,Sunny
2023-06-08 02:00:00+00:00,29.937,23.237,67.37872,Sunny
2023-06-08 03:00:00+00:00,32.437,23.987,61.13623,Sunny
2023-06-08 04:00:00+00:00,34.437,24.187,55.314297,Sunny
2023-06-08 05:00:00+00:00,36.287,23.987,49.342285,Sunny
2023-06-08 06:00:00+00:00,37.537,23.286999,44.18111,Sunny
2023-06-08 07:00:00+00:00,38.437,20.087,34.60087,Sunny
2023-06-08 08:00:00+00:00,39.287,18.137,29.268599,Sunny
2023-06-08 09:00:00+00:00,39.237,18.587,30.187046,Sunny
2023-06-08 10:00:00+00:00,38.487,19.536999,33.35062,Sunny
2023-06-08 11:00:00+00:00,37.737,19.786999,35.277206,Sunny
2023-06-08 12:00:00+00:00,36.137,21.137,41.84443,Cloudy
2023-06-08 13:00:00+00:00,33.836998,23.987,56.513496,Sunny
2023-06-08 14:00:00+00:00,32.737,24.187,60.83681,Cloudy
2023-06-08 15:00:00+00:00,31.786999,24.437,65.161575,Sunny
2023-06-08 16:00:00+00:00,30.937,24.937,70.464355,Sunny
2023-06-08 17:00:00+00:00,30.587,24.887,71.67359,Sunny
2023-06-08 18:00:00+00:00,30.337,24.786999,72.27434,Cloudy
2023-06-08 19:00:00+00:00,30.187,24.487,71.60295,Cloudy
2023-06-08 20:00:00+00:00,29.687,24.687,74.57758,Cloudy
2023-06-08 21:00:00+00:00,28.887,25.036999,79.753235,Cloudy
2023-06-08 22:00:00+00:00,28.687,25.036999,80.68331,Cloudy
2023-06-08 23:00:00+00:00,28.137,25.286999,84.55416,Cloudy
2023-06-09 00:00:00+00:00,26.887,23.536999,81.92005,Cloudy
2023-06-09 01:00:00+00:00,27.036999,24.987,88.576,Cloudy
2023-06-09 02:00:00+00:00,28.987,24.937,78.82132,Sunny
2023-06-09 03:00:00+00:00,31.536999,24.487,66.29102,Sunny
2023-06-09 04:00:00+00:00,33.237,24.837,61.49649,Sunny
2023-06-09 05:00:00+00:00,33.987,24.887,59.14477,Sunny
2023-06-09 06:00:00+00:00,35.137,24.587,54.496845,Cloudy
2023-06-09 07:00:00+00:00,36.086998,24.437,51.252163,Sunny
2023-06-09 08:00:00+00:00,35.937,23.786999,49.69958,Rainy
2023-06-09 09:00:00+00:00,34.537,24.286999,55.338356,Rainy
2023-06-09 10:00:00+00:00,34.737,24.286999,54.72688,Cloudy
2023-06-09 11:00:00+00:00,34.737,24.087,54.074253,Cloudy
2023-06-09 12:00:00+00:00,34.187,23.987,55.420364,Cloudy
2023-06-09 13:00:00+00:00,31.237,23.637,64.076805,Cloudy
2023-06-09 14:00:00+00:00,30.437,23.786999,67.680534,Cloudy
2023-06-09 15:00:00+00:00,29.937,23.837,69.86022,Cloudy
2023-06-09 16:00:00+00:00,29.337,23.637,71.45198,Cloudy
2023-06-09 17:00:00+00:00,28.737,23.587,73.75385,Cloudy
2023-06-09 18:00:00+00:00,28.387,23.587,75.26818,Cloudy
2023-06-09 19:00:00+00:00,27.937,23.687,77.73367,Cloudy
2023-06-09 20:00:00+00:00,27.536999,23.737,79.81153,Cloudy
2023-06-09 21:00:00+00:00,27.387,23.786999,80.758064,Cloudy
2023-06-09 22:00:00+00:00,27.036999,23.937,83.17987,Cloudy
2023-06-09 23:00:00+00:00,26.737,24.087,85.426155,Cloudy
2023-06-10 00:00:00+00:00,28.137,25.587,86.07517,Cloudy
2023-06-10 01:00:00+00:00,29.036999,25.837,82.9133,Cloudy
2023-06-10 02:00:00+00:00,27.786999,23.987,79.844986,Rainy
2023-06-10 03:00:00+00:00,28.987,24.137,75.13754,Sunny
2023-06-10 04:00:00+00:00,31.437,24.887,68.281746,Sunny
2023-06-10 05:00:00+00:00,33.336998,24.837,61.152477,Sunny
2023-06-10 06:00:00+00:00,34.336998,24.687,57.313366,Sunny
2023-06-10 07:00:00+00:00,34.787,24.637,55.730724,Sunny
2023-06-10 08:00:00+00:00,35.437,24.587,53.60026,Sunny
2023-06-10 09:00:00+00:00,35.637,24.137,51.601776,Sunny
2023-06-10 10:00:00+00:00,35.336998,24.036999,52.1497,Sunny
2023-06-10 11:00:00+00:00,34.737,23.987,53.750496,Sunny
2023-06-10 12:00:00+00:00,31.337,23.387,62.75999,Sunny
2023-06-10 13:00:00+00:00,30.437,23.587,66.870415,Sunny
2023-06-10 14:00:00+00:00,29.887,23.536999,68.807175,Sunny
2023-06-10 15:00:00+00:00,29.536999,23.487,69.996605,Sunny
2023-06-10 16:00:00+00:00,29.137,23.487,71.63202,Sunny
2023-06-10 17:00:00+00:00,28.637,23.887,75.53464,Sunny
2023-06-10 18:00:00+00:00,28.087,24.337,80.12473,Sunny
2023-06-10 19:00:00+00:00,27.637,24.536999,83.248116,Sunny
2023-06-10 20:00:00+00:00,26.987,24.587,86.73962,Rainy
2023-06-10 21:00:00+00:00,25.087,23.786999,92.511604,Rainy
2023-06-10 22:00:00+00:00,25.687,24.536999,93.37855,Rainy
2023-06-10 23:00:00+00:00,25.737,24.687,93.94087,Rainy
2023-06-11 00:00:00+00:00,24.737,23.137,90.83208,Rainy
2023-06-11 01:00:00+00:00,26.387,24.286999,88.25904,Cloudy
2023-06-11 02:00:00+00:00,28.036999,24.887,83.0453,Sunny
2023-06-11 03:00:00+00:00,30.036999,25.387,76.20548,Sunny
2023-06-11 04:00:00+00:00,31.987,25.387,68.18425,Cloudy
2023-06-11 05:00:00+00:00,33.537,25.137,61.562378,Sunny
2023-06-11 06:00:00+00:00,34.637,24.837,56.8723,Sunny
2023-06-11 07:00:00+00:00,35.387,25.087,55.376965,Sunny
2023-06-11 08:00:00+00:00,35.887,25.337,54.67829,Sunny
2023-06-11 09:00:00+00:00,35.836998,25.286999,54.66623,Sunny
2023-06-11 10:00:00+00:00,35.437,25.087,55.22421,Cloudy
2023-06-11 11:00:00+00:00,32.887,25.187,64.04032,Sunny
2023-06-11 12:00:00+00:00,30.786999,25.286999,72.56784,Rainy
2023-06-11 13:00:00+00:00,29.536999,24.887,76.12882,Sunny
2023-06-11 14:00:00+00:00,28.187,24.187,78.94622,Sunny
2023-06-11 15:00:00+00:00,27.737,24.237,81.28912,Sunny
2023-06-11 16:00:00+00:00,27.587,24.286999,82.2512,Sunny
2023-06-11 17:00:00+00:00,26.786999,24.087,85.17519,Rainy
2023-06-11 18:00:00+00:00,25.887,24.536999,92.27811,Rainy
2023-06-11 19:00:00+00:00,25.237,24.536999,95.90894,Rainy
2023-06-11 20:00:00+00:00,24.987,24.137,95.04258,Rainy
2023-06-11 21:00:00+00:00,24.337,23.637,95.88189,Rainy
2023-06-11 22:00:00+00:00,24.337,23.137,93.03205,Rainy
2023-06-11 23:00:00+00:00,24.536999,23.087,91.64718,Cloudy
2023-06-12 00:00:00+00:00,24.387,23.087,92.47381,Cloudy
2023-06-12 01:00:00+00:00,25.087,23.437,90.58137,Cloudy
2023-06-12 02:00:00+00:00,25.687,23.437,87.407265,Cloudy
2023-06-12 03:00:00+00:00,26.487,23.786999,85.144554,Cloudy
2023-06-12 04:00:00+00:00,27.637,23.987,80.54791,Cloudy
2023-06-12 05:00:00+00:00,28.937,23.987,74.67979,Cloudy
2023-06-12 06:00:00+00:00,29.737,24.036999,71.52316,Cloudy
2023-06-12 07:00:00+00:00,29.337,23.937,72.75339,Cloudy
2023-06-12 08:00:00+00:00,30.387,23.987,68.695755,Cloudy
2023-06-12 09:00:00+00:00,31.036999,24.337,67.59488,Cloudy
2023-06-12 10:00:00+00:00,30.737,23.887,66.93013,Cloudy
2023-06-12 11:00:00+00:00,30.637,23.737,66.70925,Cloudy
2023-06-12 12:00:00+00:00,30.786999,24.187,67.95247,Sunny
2023-06-12 13:00:00+00:00,29.687,24.437,73.47061,Sunny
2023-06-12 14:00:00+00:00,28.837,24.587,77.86423,Sunny
2023-06-12 15:00:00+00:00,28.187,24.786999,81.83275,Sunny
2023-06-12 16:00:00+00:00,27.786999,24.337,81.53936,Sunny
2023-06-12 17:00:00+00:00,26.487,23.937,85.91602,Rainy
2023-06-12 18:00:00+00:00,24.786999,23.837,94.46574,Rainy
2023-06-12 19:00:00+00:00,24.587,23.737,95.02812,Rainy
2023-06-12 20:00:00+00:00,24.786999,23.087,90.28785,Rainy
2023-06-12 21:00:00+00:00,23.786999,23.187,96.44661,Rainy
2023-06-12 22:00:00+00:00,24.087,23.237,95.00992,Rainy
2023-06-12 23:00:00+00:00,23.937,23.387,96.742035,Rainy
2023-06-13 00:00:00+00:00,24.837,23.987,95.037186,Rainy
2023-06-13 01:00:00+00:00,25.487,24.437,93.92991,Rainy
2023-06-13 02:00:00+00:00,26.437,24.587,89.59398,Rainy
2023-06-13 03:00:00+00:00,26.786999,24.487,87.24204,Cloudy
2023-06-13 04:00:00+00:00,28.487,24.536999,79.22443,Rainy
2023-06-13 05:00:00+00:00,29.937,24.987,74.840866,Rainy
2023-06-13 06:00:00+00:00,27.937,24.786999,83.03384,Rainy
2023-06-13 07:00:00+00:00,29.437,25.036999,77.257195,Sunny
2023-06-13 08:00:00+00:00,31.036999,25.137,70.90377,Cloudy
2023-06-13 09:00:00+00:00,31.837,24.987,67.14789,Cloudy
2023-06-13 10:00:00+00:00,31.887,25.337,68.36807,Sunny
2023-06-13 11:00:00+00:00,31.937,25.487,68.785194,Sunny
2023-06-13 12:00:00+00:00,30.187,25.237,74.88092,Sunny
2023-06-13 13:00:00+00:00,29.137,25.337,80.02427,Sunny
2023-06-13 14:00:00+00:00,28.437,25.237,82.84416,Sunny
2023-06-13 15:00:00+00:00,28.187,25.286999,84.30829,Sunny
2023-06-13 16:00:00+00:00,27.937,25.536999,86.82641,Sunny
2023-06-13 17:00:00+00:00,27.487,25.387,88.34886,Sunny
2023-06-13 18:00:00+00:00,26.937,25.087,89.630554,Sunny
2023-06-13 19:00:00+00:00,25.887,24.237,90.63481,Sunny
2023-06-13 20:00:00+00:00,25.137,23.237,89.228134,Sunny
2023-06-13 21:00:00+00:00,24.687,22.536999,87.85101,Sunny
2023-06-13 22:00:00+00:00,24.536999,22.237,87.040306,Cloudy
2023-06-13 23:00:00+00:00,24.737,22.737,88.65855,Cloudy
2023-06-14 00:00:00+00:00,24.987,23.437,91.1229,Sunny
2023-06-14 01:00:00+00:00,26.187,24.187,88.77369,Sunny
2023-06-14 02:00:00+00:00,27.387,24.137,82.47441,Cloudy
2023-06-14 03:00:00+00:00,28.786999,24.637,78.32403,Sunny
2023-06-14 04:00:00+00:00,30.437,25.137,73.37718,Cloudy
2023-06-14 05:00:00+00:00,31.387,25.587,71.38933,Cloudy
2023-06-14 06:00:00+00:00,32.586998,25.237,65.32578,Cloudy
2023-06-14 07:00:00+00:00,33.737,25.437,61.97355,Sunny
2023-06-14 08:00:00+00:00,33.937,25.887,62.943035,Sunny
2023-06-14 09:00:00+00:00,33.187,26.187,66.81787,Cloudy
2023-06-14 10:00:00+00:00,32.687,26.387,69.53999,Cloudy
2023-06-14 11:00:00+00:00,32.287,26.387,71.1274,Sunny
2023-06-14 12:00:00+00:00,30.687,25.987,76.07918,Sunny
2023-06-14 13:00:00+00:00,29.536999,25.337,78.19726,Sunny
2023-06-14 14:00:00+00:00,28.587,24.937,80.67048,Sunny
2023-06-14 15:00:00+00:00,27.987,24.637,82.053314,Sunny
2023-06-14 16:00:00+00:00,27.437,24.337,83.22541,Sunny
2023-06-14 17:00:00+00:00,26.786999,23.786999,83.653275,Sunny
2023-06-14 18:00:00+00:00,26.437,23.437,83.61425,Sunny
2023-06-14 19:00:00+00:00,26.087,23.337,84.84721,Sunny
2023-06-14 20:00:00+00:00,25.536999,23.087,86.34408,Sunny
2023-06-14 21:00:00+00:00,25.237,22.837,86.57753,Sunny
2023-06-14 22:00:00+00:00,25.137,22.786999,86.83101,Sunny
2023-06-14 23:00:00+00:00,25.036999,22.737,87.08554,Sunny
2023-06-15 00:00:00+00:00,25.786999,24.536999,92.8265,Sunny
2023-06-15 01:00:00+00:00,27.337,25.237,88.33669,Cloudy
2023-06-15 02:00:00+00:00,28.887,25.637,82.65049,Cloudy
2023-06-15 03:00:00+00:00,30.337,25.937,77.38943,Cloudy
2023-06-15 04:00:00+00:00,31.837,25.987,71.25777,Cloudy
2023-06-15 05:00:00+00:00,33.237,26.036999,66.042206,Cloudy
2023-06-15 06:00:00+00:00,34.237,26.286999,63.38034,Sunny
2023-06-15 07:00:00+00:00,35.086998,26.786999,62.265797,Sunny
2023-06-15 08:00:00+00:00,36.336998,26.687,57.778492,Sunny
2023-06-15 09:00:00+00:00,36.687,27.087,58.029324,Sunny
2023-06-15 10:00:00+00:00,36.237,27.786999,61.967487,Sunny
2023-06-15 11:00:00+00:00,31.087,27.036999,79.11028,Sunny
2023-06-15 12:00:00+00:00,31.637,26.087,72.4986,Sunny
2023-06-15 13:00:00+00:00,30.137,25.387,75.76915,Sunny
2023-06-15 14:00:00+00:00,28.987,24.337,76.044075,Sunny
2023-06-15 15:00:00+00:00,28.687,24.337,77.3777,Sunny
2023-06-15 16:00:00+00:00,28.237,23.937,77.54399,Sunny
2023-06-15 17:00:00+00:00,27.687,23.837,79.59194,Sunny
2023-06-15 18:00:00+00:00,27.036999,23.737,82.185326,Sunny
2023-06-15 19:00:00+00:00,26.286999,22.786999,81.106316,Sunny
2023-06-15 20:00:00+00:00,25.987,22.687,82.0585,Sunny
2023-06-15 21:00:00+00:00,25.637,22.687,83.77834,Sunny
2023-06-15 22:00:00+00:00,25.337,22.437,83.999916,Sunny
2023-06-15 23:00:00+00:00,25.137,22.286999,84.23388,Sunny
2023-06-16 00:00:00+00:00,26.087,23.687,86.65662,Sunny
2023-06-16 01:00:00+00:00,27.637,25.087,86.02724,Sunny
2023-06-16 02:00:00+00:00,28.937,25.587,82.1673,Cloudy
2023-06-16 03:00:00+00:00,29.786999,25.786999,79.166405,Sunny
2023-06-16 04:00:00+00:00,30.637,25.887,75.84663,Cloudy
2023-06-16 05:00:00+00:00,30.637,25.587,74.50935,Sunny
2023-06-16 06:00:00+00:00,31.737,25.587,69.98393,Sunny
2023-06-16 07:00:00+00:00,32.737,25.337,65.162415,Sunny
2023-06-16 08:00:00+00:00,33.586998,25.536999,62.868195,Sunny
2023-06-16 09:00:00+00:00,33.086998,25.687,65.23414,Sunny
2023-06-16 10:00:00+00:00,32.437,25.286999,66.07721,Sunny
2023-06-16 11:00:00+00:00,31.637,25.387,69.55099,Sunny
2023-06-16 12:00:00+00:00,31.036999,25.937,74.353516,Sunny
2023-06-16 13:00:00+00:00,30.587,25.937,76.2894,Sunny
2023-06-16 14:00:00+00:00,29.187,25.437,80.26905,Sunny
2023-06-16 15:00:00+00:00,28.487,25.087,81.86922,Sunny
2023-06-16 16:00:00+00:00,27.937,24.536999,81.80227,Sunny
2023-06-16 17:00:00+00:00,27.286999,24.087,82.71054,Sunny
2023-06-16 18:00:00+00:00,26.786999,23.687,83.151306,Sunny
2023-06-16 19:00:00+00:00,26.237,23.337,84.09825,Sunny
2023-06-16 20:00:00+00:00,25.587,23.137,86.34879,Sunny
2023-06-16 21:00:00+00:00,25.387,22.937,86.32984,Sunny
2023-06-16 22:00:00+00:00,25.437,22.837,85.55385,Sunny
2023-06-16 23:00:00+00:00,25.536999,22.786999,84.789764,Sunny
2023-06-17 00:00:00+00:00,25.737,23.637,88.20544,Sunny
2023-06-17 01:00:00+00:00,27.036999,23.737,82.185326,Sunny
2023-06-17 02:00:00+00:00,28.137,23.687,76.832664,Sunny
2023-06-17 03:00:00+00:00,29.337,24.487,75.193245,Sunny
2023-06-17 04:00:00+00:00,31.237,24.887,69.06325,Sunny
2023-06-17 05:00:00+00:00,31.887,25.187,67.76055,Cloudy
2023-06-17 06:00:00+00:00,32.137,25.286999,67.206924,Cloudy
2023-06-17 07:00:00+00:00,32.836998,25.437,65.18292,Cloudy
2023-06-17 08:00:00+00:00,33.586998,25.286999,61.940887,Sunny
2023-06-17 09:00:00+00:00,34.037,24.937,59.156197,Cloudy
2023-06-17 10:00:00+00:00,33.537,25.036999,61.196667,Sunny
2023-06-17 11:00:00+00:00,32.787,25.137,64.210304,Sunny
2023-06-17 12:00:00+00:00,31.187,24.587,68.029976,Sunny
2023-06-17 13:00:00+00:00,30.337,24.687,71.84387,Sunny
2023-06-17 14:00:00+00:00,29.337,24.937,77.24245,Sunny
2023-06-17 15:00:00+00:00,28.786999,24.687,78.55847,Sunny
2023-06-17 16:00:00+00:00,28.087,24.137,79.169556,Sunny
2023-06-17 17:00:00+00:00,27.437,23.837,80.764496,Sunny
2023-06-17 18:00:00+00:00,26.887,23.786999,83.162735,Sunny
2023-06-17 19:00:00+00:00,26.187,23.387,84.60199,Cloudy
2023-06-17 20:00:00+00:00,25.687,22.187,81.02992,Cloudy
2023-06-17 21:00:00+00:00,25.786999,21.937,79.33278,Cloudy
2023-06-17 22:00:00+00:00,26.087,21.937,77.93607,Cloudy
2023-06-17 23:00:00+00:00,25.687,22.087,80.537834,Cloudy
2023-06-18 00:00:00+00:00,25.437,22.587,84.26636,Cloudy
2023-06-18 01:00:00+00:00,26.087,22.887,82.56946,Cloudy
2023-06-18 02:00:00+00:00,27.237,23.687,80.98225,Cloudy
2023-06-18 03:00:00+00:00,28.036999,24.187,79.639175,Cloudy
2023-06-18 04:00:00+00:00,27.887,24.187,80.33899,Cloudy
2023-06-18 05:00:00+00:00,27.887,24.237,80.58028,Cloudy
2023-06-18 06:00:00+00:00,28.187,24.337,79.65938,Cloudy
2023-06-18 07:00:00+00:00,29.237,24.536999,75.85543,Cloudy
2023-06-18 08:00:00+00:00,30.337,24.237,69.93438,Sunny
2023-06-18 09:00:00+00:00,31.187,24.187,66.41946,Sunny
2023-06-18 10:00:00+00:00,30.887,24.387,68.38036,Cloudy
2023-06-18 11:00:00+00:00,30.137,24.536999,72.023895,Cloudy
2023-06-18 12:00:00+00:00,29.937,24.587,73.07434,Sunny
2023-06-18 13:00:00+00:00,28.837,24.587,77.86423,Sunny
2023-06-18 14:00:00+00:00,27.987,24.387,80.83494,Sunny
2023-06-18 15:00:00+00:00,27.387,24.187,82.722206,Sunny
2023-06-18 16:00:00+00:00,26.937,23.987,83.92173,Cloudy
2023-06-18 17:00:00+00:00,26.437,23.687,84.88359,Rainy
2023-06-18 18:00:00+00:00,25.437,23.587,89.520294,Rainy
2023-06-18 19:00:00+00:00,24.837,23.437,91.94204,Rainy
2023-06-18 20:00:00+00:00,24.687,23.286999,91.933365,Cloudy
2023-06-18 21:00:00+00:00,24.237,23.286999,94.44351,Rainy
2023-06-18 22:00:00+00:00,24.137,22.987,93.303986,Rainy
2023-06-18 23:00:00+00:00,24.187,22.987,93.0245,Cloudy
2023-06-19 00:00:00+00:00,23.887,22.737,93.291855,Rainy
2023-06-19 01:00:00+00:00,24.437,22.987,91.64117,Cloudy
2023-06-19 02:00:00+00:00,24.637,23.137,91.37656,Rainy
2023-06-19 03:00:00+00:00,24.387,23.337,93.88137,Rainy
2023-06-19 04:00:00+00:00,25.237,23.837,91.965126,Rainy
2023-06-19 05:00:00+00:00,25.237,24.087,93.35703,Rainy
2023-06-19 06:00:00+00:00,26.987,24.587,86.73962,Cloudy
2023-06-19 07:00:00+00:00,28.187,24.536999,80.618996,Sunny
2023-06-19 08:00:00+00:00,29.987,24.887,74.182274,Sunny
2023-06-19 09:00:00+00:00,30.587,24.837,71.46004,Sunny
2023-06-19 10:00:00+00:00,30.536999,24.987,72.30902,Cloudy
2023-06-19 11:00:00+00:00,29.786999,24.637,73.928215,Cloudy
2023-06-19 12:00:00+00:00,27.987,24.536999,81.56406,Cloudy
2023-06-19 13:00:00+00:00,27.437,24.286999,82.97639,Cloudy
2023-06-19 14:00:00+00:00,26.786999,24.087,85.17519,Cloudy
2023-06-19 15:00:00+00:00,26.286999,23.837,86.41494,Cloudy
2023-06-19 16:00:00+00:00,25.887,23.687,87.688484,Cloudy
2023-06-19 17:00:00+00:00,25.487,23.536999,88.98615,Cloudy
2023-06-19 18:00:00+00:00,25.237,23.387,89.505424,Rainy
2023-06-19 19:00:00+00:00,24.937,23.387,91.11973,Rainy
2023-06-19 20:00:00+00:00,24.587,23.637,94.45765,Rainy
2023-06-19 21:00:00+00:00,24.286999,23.137,93.31126,Rainy
2023-06-19 22:00:00+00:00,23.887,23.087,95.29044,Rainy
2023-06-19 23:00:00+00:00,24.087,23.187,94.7233,Rainy
2023-06-20 00:00:00+00:00,24.487,23.437,93.88577,Rainy
2023-06-20 01:00:00+00:00,25.437,23.837,90.87774,Cloudy
2023-06-20 02:00:00+00:00,25.786999,23.887,89.27744,Cloudy
2023-06-20 03:00:00+00:00,26.387,23.937,86.424355,Rainy
2023-06-20 04:00:00+00:00,25.137,24.036999,93.63301,Rainy
2023-06-20 05:00:00+00:00,26.786999,23.937,84.41123,Rainy
2023-06-20 06:00:00+00:00,27.036999,24.137,84.18492,Rainy
2023-06-20 07:00:00+00:00,28.637,24.087,76.447685,Cloudy
2023-06-20 08:00:00+00:00,28.937,24.387,76.49332,Cloudy
2023-06-20 09:00:00+00:00,28.137,23.937,77.99686,Cloudy
2023-06-20 10:00:00+00:00,28.137,23.737,77.064285,Cloudy
2023-06-20 11:00:00+00:00,28.637,24.087,76.447685,Cloudy
2023-06-20 12:00:00+00:00,29.487,25.036999,77.03468,Sunny
2023-06-20 13:00:00+00:00,28.387,24.837,81.12781,Sunny
2023-06-20 14:00:00+00:00,27.737,24.737,83.758514,Sunny
2023-06-20 15:00:00+00:00,27.237,24.587,85.47614,Sunny
2023-06-20 16:00:00+00:00,26.687,24.536999,88.01998,Sunny
2023-06-20 17:00:00+00:00,26.237,24.587,90.65802,Sunny
2023-06-20 18:00:00+00:00,25.737,24.387,92.2698,Sunny
2023-06-20 19:00:00+00:00,25.337,23.737,90.87124,Sunny
2023-06-20 20:00:00+00:00,25.187,23.337,89.50175,Cloudy
2023-06-20 21:00:00+00:00,25.387,23.237,87.91057,Cloudy
2023-06-20 22:00:00+00:00,25.337,23.087,87.37645,Cloudy
2023-06-20 23:00:00+00:00,25.286999,22.937,86.8448,Cloudy
2023-06-21 00:00:00+00:00,25.637,23.036999,85.5738,Cloudy
2023-06-21 01:00:00+00:00,25.687,22.837,84.29333,Cloudy
2023-06-21 02:00:00+00:00,26.536999,23.387,82.872284,Cloudy
2023-06-21 03:00:00+00:00,27.237,23.987,82.45667,Cloudy
2023-06-21 04:00:00+00:00,28.536999,24.987,81.14667,Cloudy
2023-06-21 05:00:00+00:00,28.786999,24.987,79.978004,Rainy
2023-06-21 06:00:00+00:00,27.437,24.887,86.007965,Rainy
2023-06-21 07:00:00+00:00,30.187,25.286999,75.10403,Cloudy
2023-06-21 08:00:00+00:00,30.587,25.337,73.62098,Cloudy
2023-06-21 09:00:00+00:00,31.387,25.687,71.81421,Cloudy
2023-06-21 10:00:00+00:00,31.137,25.637,72.62784,Cloudy
2023-06-21 11:00:00+00:00,30.837,25.687,74.10095,Cloudy
2023-06-21 12:00:00+00:00,29.237,25.637,80.99369,Cloudy
2023-06-21 13:00:00+00:00,28.637,25.687,84.10645,Cloudy
2023-06-21 14:00:00+00:00,28.036999,25.337,85.30166,Cloudy
2023-06-21 15:00:00+00:00,27.437,25.036999,86.78083,Cloudy
2023-06-21 16:00:00+00:00,27.437,24.887,86.007965,Cloudy
2023-06-21 17:00:00+00:00,26.687,24.786999,89.34516,Rainy
2023-06-21 18:00:00+00:00,24.837,24.387,97.34508,Rainy
2023-06-21 19:00:00+00:00,24.786999,24.387,97.63613,Rainy
2023-06-21 20:00:00+00:00,24.786999,24.286999,97.05286,Rainy
2023-06-21 21:00:00+00:00,24.786999,24.237,96.76239,Rainy
2023-06-21 22:00:00+00:00,24.737,24.187,96.76117,Rainy
2023-06-21 23:00:00+00:00,24.637,23.987,96.17951,Rainy
2023-06-22 00:00:00+00:00,24.937,23.987,94.47177,Rainy
2023-06-22 01:00:00+00:00,25.536999,24.687,95.06241,Rainy
2023-06-22 02:00:00+00:00,26.337,25.036999,92.57847,Rainy
2023-06-22 03:00:00+00:00,28.036999,24.887,83.0453,Rainy
2023-06-22 04:00:00+00:00,29.536999,25.137,77.27195,Cloudy
2023-06-22 05:00:00+00:00,30.637,25.637,74.730774,Rainy
2023-06-22 06:00:00+00:00,31.487,25.987,72.68767,Rainy
2023-06-22 07:00:00+00:00,32.137,25.837,69.43781,Cloudy
2023-06-22 08:00:00+00:00,32.287,26.087,69.87795,Cloudy
2023-06-22 09:00:00+00:00,30.487,25.987,76.95472,Rainy
2023-06-22 10:00:00+00:00,29.887,26.187,80.59799,Rainy
2023-06-22 11:00:00+00:00,30.737,26.487,78.13629,Rainy
2023-06-22 12:00:00+00:00,29.837,25.687,78.47228,Rainy
2023-06-22 13:00:00+00:00,28.637,25.587,83.60885,Sunny
2023-06-22 14:00:00+00:00,27.887,25.887,88.90655,Sunny
2023-06-22 15:00:00+00:00,27.587,25.687,89.412254,Cloudy
2023-06-22 16:00:00+00:00,27.036999,25.337,90.44152,Rainy
2023-06-22 17:00:00+00:00,26.387,25.137,92.857315,Rainy
2023-06-22 18:00:00+00:00,25.036999,24.536999,97.05828,Rainy
2023-06-22 19:00:00+00:00,24.987,24.387,96.477806,Rainy
2023-06-22 20:00:00+00:00,25.137,24.437,95.90597,Rainy
2023-06-22 21:00:00+00:00,25.187,24.337,95.04982,Rainy
2023-06-22 22:00:00+00:00,24.837,24.036999,95.323006,Rainy
2023-06-22 23:00:00+00:00,24.987,24.036999,94.47375,Cloudy
2023-06-23 00:00:00+00:00,25.337,24.786999,96.77542,Cloudy
2023-06-23 01:00:00+00:00,25.337,24.637,95.911934,Rainy
2023-06-23 02:00:00+00:00,26.087,24.737,92.28916,Rainy
2023-06-23 03:00:00+00:00,27.437,25.036999,86.78083,Rainy
2023-06-23 04:00:00+00:00,28.187,25.286999,84.30829,Rainy
2023-06-23 05:00:00+00:00,28.937,25.437,81.43849,Cloudy
2023-06-23 06:00:00+00:00,30.737,25.737,74.74682,Rainy
2023-06-23 07:00:00+00:00,31.536999,25.737,71.41589,Rainy
2023-06-23 08:00:00+00:00,32.137,25.687,68.82307,Cloudy
2023-06-23 09:00:00+00:00,32.637,25.737,67.10582,Sunny
2023-06-23 10:00:00+00:00,32.637,25.487,66.11748,Sunny
2023-06-23 11:00:00+00:00,32.487,25.637,67.275635,Sunny
2023-06-23 12:00:00+00:00,31.187,26.286999,75.26214,Sunny
2023-06-23 13:00:00+00:00,29.987,26.187,80.13599,Sunny
2023-06-23 14:00:00+00:00,29.187,26.137,83.6696,Sunny
2023-06-23 15:00:00+00:00,28.687,26.036999,85.619736,Sunny
2023-06-23 16:00:00+00:00,28.237,25.887,87.11128,Sunny
2023-06-23 17:00:00+00:00,27.786999,25.637,88.11144,Sunny
2023-06-23 18:00:00+00:00,27.536999,25.387,88.09075,Sunny
2023-06-23 19:00:00+00:00,27.286999,25.286999,88.85991,Sunny
2023-06-23 20:00:00+00:00,27.087,25.237,89.64147,Sunny
2023-06-23 21:00:00+00:00,26.637,25.137,91.49875,Cloudy
2023-06-23 22:00:00+00:00,26.286999,24.786999,91.47755,Cloudy
2023-06-23 23:00:00+00:00,26.237,24.687,91.20163,Cloudy
2023-06-24 00:00:00+00:00,26.987,25.337,90.7075,Cloudy
2023-06-24 01:00:00+00:00,27.786999,25.187,85.78593,Cloudy
2023-06-24 02:00:00+00:00,29.036999,25.587,81.69305,Cloudy
2023-06-24 03:00:00+00:00,29.937,25.587,77.56071,Rainy
2023-06-24 04:00:00+00:00,30.987,25.737,73.68743,Sunny
2023-06-24 05:00:00+00:00,31.737,25.687,70.400444,Sunny
2023-06-24 06:00:00+00:00,32.687,25.437,65.73585,Sunny
2023-06-24 07:00:00+00:00,33.336998,25.286999,62.81461,Rainy
2023-06-24 08:00:00+00:00,33.687,25.087,60.866146,Rainy
2023-06-24 09:00:00+00:00,33.687,25.137,61.0477,Sunny
2023-06-24 10:00:00+00:00,33.537,24.987,61.014526,Cloudy
2023-06-24 11:00:00+00:00,32.387,25.487,67.056595,Cloudy
2023-06-24 12:00:00+00:00,30.987,26.237,75.900635,Sunny
2023-06-24 13:00:00+00:00,30.137,26.187,79.44861,Sunny
2023-06-24 14:00:00+00:00,29.786999,25.786999,79.166405,Sunny
2023-06-24 15:00:00+00:00,29.487,25.387,78.65652,Sunny
2023-06-24 16:00:00+00:00,29.087,25.337,80.256,Sunny
2023-06-24 17:00:00+00:00,28.837,25.437,81.91163,Sunny
2023-06-24 18:00:00+00:00,28.536999,25.437,83.34976,Sunny
2023-06-24 19:00:00+00:00,28.187,25.237,84.057846,Sunny
2023-06-24 20:00:00+00:00,27.837,25.137,85.2815,Sunny
2023-06-24 21:00:00+00:00,27.487,25.036999,86.52718,Cloudy
2023-06-24 22:00:00+00:00,27.137,25.087,88.58398,Cloudy
2023-06-24 23:00:00+00:00,26.737,24.937,89.88366,Cloudy
2023-06-25 00:00:00+00:00,27.837,25.987,89.695885,Cloudy
2023-06-25 01:00:00+00:00,28.487,25.937,86.10856,Rainy
2023-06-25 02:00:00+00:00,28.937,25.837,83.39464,Cloudy
2023-06-25 03:00:00+00:00,29.687,25.837,79.85975,Cloudy
2023-06-25 04:00:00+00:00,30.786999,25.587,73.87324,Sunny
2023-06-25 05:00:00+00:00,31.887,25.487,68.98037,Sunny
2023-06-25 06:00:00+00:00,32.787,25.187,64.401794,Sunny
2023-06-25 07:00:00+00:00,33.287,25.087,62.245396,Sunny
2023-06-25 08:00:00+00:00,33.336998,24.887,61.335228,Rainy
2023-06-25 09:00:00+00:00,33.037,24.587,61.26905,Rainy
2023-06-25 10:00:00+00:00,32.787,24.737,62.696392,Rainy
2023-06-25 11:00:00+00:00,32.086998,25.187,66.99742,Cloudy
2023-06-25 12:00:00+00:00,31.687,25.237,68.73779,Sunny
2023-06-25 13:00:00+00:00,30.786999,24.786999,70.43703,Cloudy
2023-06-25 14:00:00+00:00,30.187,24.187,70.327354,Sunny
2023-06-25 15:00:00+00:00,29.487,24.387,74.100174,Cloudy
2023-06-25 16:00:00+00:00,29.137,24.487,76.067245,Sunny
2023-06-25 17:00:00+00:00,28.786999,24.237,76.47052,Sunny
2023-06-25 18:00:00+00:00,28.536999,24.137,77.123886,Cloudy
2023-06-25 19:00:00+00:00,28.137,24.237,79.414246,Cloudy
2023-06-25 20:00:00+00:00,27.737,24.337,81.77784,Cloudy
2023-06-25 21:00:00+00:00,27.387,24.487,84.222626,Cloudy
2023-06-25 22:00:00+00:00,27.187,24.637,85.98386,Cloudy
2023-06-25 23:00:00+00:00,26.837,24.687,88.03251,Cloudy
2023-06-26 00:00:00+00:00,27.587,25.087,86.27911,Sunny
2023-06-26 01:00:00+00:00,28.286999,24.987,82.3346,Rainy
2023-06-26 02:00:00+00:00,29.036999,25.087,79.29956,Cloudy
2023-06-26 03:00:00+00:00,30.187,25.137,74.43639,Cloudy
2023-06-26 04:00:00+00:00,31.087,24.987,70.07272,Cloudy
2023-06-26 05:00:00+00:00,31.837,24.786999,66.35127,Rainy
2023-06-26 06:00:00+00:00,32.237,24.737,64.672264,Rainy
2023-06-26 07:00:00+00:00,32.336998,24.637,63.924664,Cloudy
2023-06-26 08:00:00+00:00,32.537,24.487,62.642483,Rainy
2023-06-26 09:00:00+00:00,32.687,25.137,64.57297,Rainy
2023-06-26 10:00:00+00:00,31.987,25.087,66.97764,Cloudy
2023-06-26 11:00:00+00:00,31.137,25.786999,73.27682,Cloudy
2023-06-26 12:00:00+00:00,30.837,25.536999,73.444176,Rainy
2023-06-26 13:00:00+00:00,29.286999,24.387,74.96052,Cloudy
2023-06-26 14:00:00+00:00,28.987,24.237,75.58963,Sunny
2023-06-26 15:00:00+00:00,28.937,24.337,76.26455,Sunny
2023-06-26 16:00:00+00:00,28.837,24.187,76.0209,Sunny
2023-06-26 17:00:00+00:00,28.587,24.286999,77.59521,Sunny
2023-06-26 18:00:00+00:00,28.137,24.437,80.37163,Sunny
2023-06-26 19:00:00+00:00,27.687,24.536999,83.00515,Sunny
2023-06-26 20:00:00+00:00,26.237,24.387,89.57928,Rainy
2023-06-26 21:00:00+00:00,25.487,24.487,94.21148,Rainy
2023-06-26 22:00:00+00:00,25.137,24.187,94.47979,Rainy
2023-06-26 23:00:00+00:00,25.087,24.036999,93.91231,Sunny
2023-06-27 00:00:00+00:00,25.786999,24.536999,92.8265,Sunny
2023-06-27 01:00:00+00:00,26.937,24.637,87.25531,Cloudy
2023-06-27 02:00:00+00:00,27.387,24.837,86.00317,Rainy
2023-06-27 03:00:00+00:00,28.687,24.887,79.964745,Rainy
2023-06-27 04:00:00+00:00,29.587,24.887,75.909706,Rainy
2023-06-27 05:00:00+00:00,30.187,24.637,72.2483,Rainy
2023-06-27 06:00:00+00:00,30.337,24.036999,69.10006,Rainy
2023-06-27 07:00:00+00:00,29.937,25.087,75.28829,Rainy
2023-06-27 08:00:00+00:00,30.286999,24.937,73.13363,Rainy
2023-06-27 09:00:00+00:00,29.887,24.786999,74.1659,Cloudy
2023-06-27 10:00:00+00:00,30.187,24.786999,72.89874,Cloudy
2023-06-27 11:00:00+00:00,29.687,24.837,75.24875,Rainy
2023-06-27 12:00:00+00:00,26.587,24.937,90.68115,Rainy
2023-06-27 13:00:00+00:00,27.187,25.087,88.324486,Rainy
2023-06-27 14:00:00+00:00,27.137,24.837,87.27301,Cloudy
2023-06-27 15:00:00+00:00,26.937,24.487,86.475914,Cloudy
2023-06-27 16:00:00+00:00,26.887,24.487,86.73045,Cloudy
2023-06-27 17:00:00+00:00,26.637,24.387,87.4904,Cloudy
2023-06-27 18:00:00+00:00,26.587,24.487,88.27544,Cloudy
2023-06-27 19:00:00+00:00,26.536999,24.536999,88.80124,Cloudy
2023-06-27 20:00:00+00:00,26.337,24.536999,89.85507,Cloudy
2023-06-27 21:00:00+00:00,25.286999,24.237,93.92116,Rainy
2023-06-27 22:00:00+00:00,25.387,24.387,94.20728,Rainy
2023-06-27 23:00:00+00:00,25.237,24.187,93.918915,Rainy
2023-06-28 00:00:00+00:00,25.087,24.487,96.4804,Cloudy
2023-06-28 01:00:00+00:00,25.887,24.536999,92.27811,Rainy
2023-06-28 02:00:00+00:00,26.887,24.737,88.03671,Rainy
2023-06-28 03:00:00+00:00,27.137,24.786999,87.01285,Rainy
2023-06-28 04:00:00+00:00,27.437,24.987,86.522545,Rainy
2023-06-28 05:00:00+00:00,27.786999,24.637,83.01663,Rainy
2023-06-28 06:00:00+00:00,28.837,25.286999,81.18428,Rainy
2023-06-28 07:00:00+00:00,26.387,25.387,94.24903,Rainy
2023-06-28 08:00:00+00:00,27.887,25.837,88.6436,Rainy
2023-06-28 09:00:00+00:00,27.487,25.187,87.30385,Rainy
2023-06-28 10:00:00+00:00,26.987,25.337,90.7075,Rainy
2023-06-28 11:00:00+00:00,28.187,25.887,87.36524,Rainy
2023-06-28 12:00:00+00:00,28.036999,25.387,85.55563,Rainy
2023-06-28 13:00:00+00:00,25.837,24.687,93.3857,Rainy
2023-06-28 14:00:00+00:00,26.337,25.137,93.13172,Rainy
2023-06-28 15:00:00+00:00,25.437,24.536999,94.774925,Cloudy
2023-06-28 16:00:00+00:00,24.437,24.036999,97.63001,Rainy
2023-06-28 17:00:00+00:00,24.286999,23.737,96.75046,Rainy
2023-06-28 18:00:00+00:00,24.237,23.887,97.92045,Rainy
2023-06-28 19:00:00+00:00,24.137,23.737,97.62476,Rainy
2023-06-28 20:00:00+00:00,24.187,23.536999,96.166824,Rainy
2023-06-28 21:00:00+00:00,24.387,23.687,95.88343,Rainy
2023-06-28 22:00:00+00:00,24.187,23.587,96.45708,Rainy
2023-06-28 23:00:00+00:00,24.286999,23.687,96.45967,Rainy
2023-06-29 00:00:00+00:00,24.087,23.737,97.918144,Rainy
2023-06-29 01:00:00+00:00,24.837,23.987,95.037186,Rainy
2023-06-29 02:00:00+00:00,26.237,24.387,89.57928,Rainy
2023-06-29 03:00:00+00:00,26.237,24.937,92.57316,Rainy
2023-06-29 04:00:00+00:00,27.587,25.437,88.09489,Rainy
2023-06-29 05:00:00+00:00,27.987,25.387,85.805405,Rainy
2023-06-29 06:00:00+00:00,29.837,25.887,79.40808,Rainy
2023-06-29 07:00:00+00:00,30.437,25.536999,75.143684,Rainy
2023-06-29 08:00:00+00:00,28.137,25.637,86.33096,Rainy
2023-06-29 09:00:00+00:00,28.887,26.187,85.38677,Rainy
2023-06-29 10:00:00+00:00,30.387,26.487,79.71699,Rainy
2023-06-29 11:00:00+00:00,27.687,24.887,84.759285,Rainy
2023-06-29 12:00:00+00:00,26.237,24.786999,91.748085,Rainy
2023-06-29 13:00:00+00:00,25.637,24.786999,95.065994,Rainy
2023-06-29 14:00:00+00:00,25.487,24.587,94.776825,Rainy
2023-06-29 15:00:00+00:00,25.337,24.337,94.20519,Rainy
2023-06-29 16:00:00+00:00,25.237,24.337,94.76733,Rainy
2023-06-29 17:00:00+00:00,25.187,24.536999,96.19484,Rainy
2023-06-29 18:00:00+00:00,24.786999,24.337,97.34413,Rainy
2023-06-29 19:00:00+00:00,24.837,24.387,97.34508,Rainy
2023-06-29 20:00:00+00:00,24.737,24.337,97.635254,Rainy
2023-06-29 21:00:00+00:00,24.637,24.237,97.63354,Rainy
2023-06-29 22:00:00+00:00,24.536999,24.087,97.33924,Rainy
2023-06-29 23:00:00+00:00,24.487,24.087,97.6309,Rainy
2023-06-30 00:00:00+00:00,24.587,24.087,97.04853,Rainy
2023-06-30 01:00:00+00:00,24.937,24.387,96.76593,Rainy
2023-06-30 02:00:00+00:00,25.087,24.487,96.4804,Rainy
2023-06-30 03:00:00+00:00,25.437,24.536999,94.774925,Rainy
2023-06-30 04:00:00+00:00,26.237,24.837,92.0224,Rainy
2023-06-30 05:00:00+00:00,26.387,25.036999,92.305695,Rainy
2023-06-30 06:00:00+00:00,26.786999,25.087,90.42463,Rainy
2023-06-30 07:00:00+00:00,27.637,24.987,85.51598,Rainy
2023-06-30 08:00:00+00:00,28.137,24.987,83.05675,Rainy
2023-06-30 09:00:00+00:00,28.837,25.087,80.223305,Rainy
2023-06-30 10:00:00+00:00,29.437,24.786999,76.11343,Cloudy
2023-06-30 11:00:00+00:00,29.036999,24.837,78.12599,Cloudy
2023-06-30 12:00:00+00:00,28.937,25.637,82.411476,Cloudy
2023-06-30 13:00:00+00:00,27.786999,25.536999,87.58995,Cloudy
2023-06-30 14:00:00+00:00,27.237,25.387,89.65237,Cloudy
2023-06-30 15:00:00+00:00,26.786999,25.337,91.78039,Cloudy
2023-06-30 16:00:00+00:00,26.286999,25.087,93.129295,Rainy
2023-06-30 17:00:00+00:00,25.487,24.536999,94.493774,Rainy
2023-06-30 18:00:00+00:00,24.737,24.286999,97.34312,Rainy
2023-06-30 19:00:00+00:00,24.536999,24.286999,98.51404,Rainy
2023-06-30 20:00:00+00:00,24.237,24.137,99.40192,Rainy
2023-06-30 21:00:00+00:00,24.237,23.987,98.51073,Rainy
2023-06-30 22:00:00+00:00,24.387,23.937,97.33628,Rainy
2023-06-30 23:00:00+00:00,24.437,23.987,97.33727,Rainy
2023-07-01 00:00:00+00:00,25.437,24.987,97.35681,Rainy
2023-07-01 01:00:00+00:00,26.487,25.137,92.31115,Rainy
2023-07-01 02:00:00+00:00,27.437,25.337,88.34482,Cloudy
2023-07-01 03:00:00+00:00,27.937,25.536999,86.82641,Rainy
2023-07-01 04:00:00+00:00,29.487,25.737,80.30816,Rainy
2023-07-01 05:00:00+00:00,29.786999,25.887,79.63688,Cloudy
2023-07-01 06:00:00+00:00,30.437,26.137,77.863174,Rainy
2023-07-01 07:00:00+00:00,31.137,26.536999,76.59837,Rainy
2023-07-01 08:00:00+00:00,31.786999,26.887,75.356346,Rainy
2023-07-01 09:00:00+00:00,31.237,26.687,76.83931,Rainy
2023-07-01 10:00:00+00:00,30.587,26.786999,80.21429,Rainy
2023-07-01 11:00:00+00:00,31.187,26.536999,76.38046,Rainy
2023-07-01 12:00:00+00:00,30.587,26.286999,77.8847,Rainy
2023-07-01 13:00:00+00:00,28.887,26.637,87.6841,Sunny
2023-07-01 14:00:00+00:00,28.536999,26.036999,86.3685,Sunny
2023-07-01 15:00:00+00:00,27.487,25.987,91.5499,Rainy
2023-07-01 16:00:00+00:00,26.837,25.536999,92.60496,Rainy
2023-07-01 17:00:00+00:00,26.337,25.187,93.409454,Rainy
2023-07-01 18:00:00+00:00,26.137,25.237,94.80141,Cloudy
2023-07-01 19:00:00+00:00,25.837,25.237,96.49969,Cloudy
2023-07-01 20:00:00+00:00,25.487,25.087,97.64831,Sunny
2023-07-01 21:00:00+00:00,25.237,24.837,97.643974,Cloudy
2023-07-01 22:00:00+00:00,25.137,24.587,96.770706,Cloudy
2023-07-01 23:00:00+00:00,25.187,24.487,95.90747,Rainy
2023-07-02 00:00:00+00:00,25.437,24.737,95.91495,Rainy
2023-07-02 01:00:00+00:00,25.887,24.987,94.79198,Rainy
2023-07-02 02:00:00+00:00,26.187,24.937,92.84706,Rainy
2023-07-02 03:00:00+00:00,26.637,25.187,91.77161,Rainy
2023-07-02 04:00:00+00:00,27.887,25.437,86.56433,Rainy
2023-07-02 05:00:00+00:00,29.536999,25.987,81.271736,Cloudy
2023-07-02 06:00:00+00:00,30.587,25.937,76.2894,Cloudy
2023-07-02 07:00:00+00:00,31.137,26.337,75.70003,Cloudy
2023-07-02 08:00:00+00:00,32.237,26.937,73.67679,Cloudy
2023-07-02 09:00:00+00:00,32.336998,27.187,74.344955,Cloudy
2023-07-02 10:00:00+00:00,32.336998,26.887,73.04662,Rainy
2023-07-02 11:00:00+00:00,29.286999,26.687,85.93123,Rainy
2023-07-02 12:00:00+00:00,31.737,26.687,74.68635,Cloudy
2023-07-02 13:00:00+00:00,30.237,26.637,81.11934,Cloudy
2023-07-02 14:00:00+00:00,27.437,26.087,92.36311,Rainy
2023-07-02 15:00:00+00:00,27.237,26.286999,94.56298,Rainy
2023-07-02 16:00:00+00:00,26.737,26.087,96.23766,Rainy
2023-07-02 17:00:00+00:00,26.286999,25.637,96.22531,Rainy
2023-07-02 18:00:00+00:00,25.837,25.286999,96.7872,Rainy
2023-07-02 19:00:00+00:00,25.437,25.036999,97.64744,Rainy
2023-07-02 20:00:00+00:00,25.487,24.987,97.068,Rainy
2023-07-02 21:00:00+00:00,25.337,24.937,97.645706,Rainy
2023-07-02 22:00:00+00:00,25.187,24.786999,97.6431,Rainy
2023-07-02 23:00:00+00:00,25.137,24.536999,96.4817,Rainy
2023-07-03 00:00:00+00:00,25.737,25.337,97.652626,Rainy
2023-07-03 01:00:00+00:00,26.387,25.437,94.529564,Cloudy
2023-07-03 02:00:00+00:00,27.036999,25.587,91.795,Rainy
2023-07-03 03:00:00+00:00,28.137,26.036999,88.401505,Rainy
2023-07-03 04:00:00+00:00,28.937,26.286999,85.64429,Rainy
2023-07-03 05:00:00+00:00,30.036999,26.387,80.85545,Rainy
2023-07-03 06:00:00+00:00,28.437,25.786999,85.59513,Rainy
2023-07-03 07:00:00+00:00,27.937,25.887,88.64754,Rainy
2023-07-03 08:00:00+00:00,27.887,26.286999,91.03484,Rainy
2023-07-03 09:00:00+00:00,27.837,26.387,91.84145,Rainy
2023-07-03 10:00:00+00:00,27.487,26.087,92.09315,Rainy
2023-07-03 11:00:00+00:00,27.637,25.837,89.947556,Rainy
2023-07-03 12:00:00+00:00,27.587,25.536999,88.619774,Rainy
2023-07-03 13:00:00+00:00,26.937,25.737,93.16125,Rainy
2023-07-03 14:00:00+00:00,26.687,25.737,94.5414,Rainy
2023-07-03 15:00:00+00:00,26.536999,25.487,93.97576,Rainy
2023-07-03 16:00:00+00:00,26.337,25.387,94.52755,Cloudy
2023-07-03 17:00:00+00:00,26.187,25.337,95.085655,Sunny
2023-07-03 18:00:00+00:00,26.087,25.387,95.93425,Sunny
2023-07-03 19:00:00+00:00,25.887,25.487,97.65523,Sunny
2023-07-03 20:00:00+00:00,25.637,25.387,98.52609,Cloudy
2023-07-03 21:00:00+00:00,25.286999,24.937,97.93658,Rainy
2023-07-03 22:00:00+00:00,24.887,24.536999,97.93045,Rainy
2023-07-03 23:00:00+00:00,24.687,24.237,97.34217,Rainy
2023-07-04 00:00:00+00:00,25.237,24.637,96.484245,Rainy
2023-07-04 01:00:00+00:00,26.237,24.987,92.84962,Rainy
2023-07-04 02:00:00+00:00,27.437,25.387,88.60786,Rainy
2023-07-04 03:00:00+00:00,27.737,25.536999,87.84612,Rainy
2023-07-04 04:00:00+00:00,28.337,25.587,85.07892,Rainy
2023-07-04 05:00:00+00:00,29.137,25.737,81.9479,Rainy
2023-07-04 06:00:00+00:00,28.687,26.137,86.12762,Rainy
2023-07-04 07:00:00+00:00,29.337,26.237,83.439354,Rainy
2023-07-04 08:00:00+00:00,30.087,26.786999,82.54637,Rainy
2023-07-04 09:00:00+00:00,30.437,27.036999,82.103714,Rainy
2023-07-04 10:00:00+00:00,31.137,26.637,77.05104,Rainy
2023-07-04 11:00:00+00:00,30.786999,26.437,77.68397,Rainy
2023-07-04 12:00:00+00:00,29.737,25.837,79.630165,Cloudy
2023-07-04 13:00:00+00:00,28.536999,25.937,85.85884,Cloudy
2023-07-04 14:00:00+00:00,27.637,25.887,90.21438,Cloudy
2023-07-04 15:00:00+00:00,27.487,25.737,90.204025,Cloudy
2023-07-04 16:00:00+00:00,27.437,25.887,91.27624,Cloudy
2023-07-04 17:00:00+00:00,27.087,25.937,93.44484,Cloudy
2023-07-04 18:00:00+00:00,26.737,25.837,94.823906,Cloudy
2023-07-04 19:00:00+00:00,26.437,25.687,95.66053,Sunny
2023-07-04 20:00:00+00:00,26.286999,25.587,95.9402,Sunny
2023-07-04 21:00:00+00:00,26.087,25.437,96.219795,Rainy
2023-07-04 22:00:00+00:00,26.137,25.437,95.935745,Cloudy
2023-07-04 23:00:00+00:00,25.937,25.437,97.07766,Cloudy
2023-07-05 00:00:00+00:00,26.337,25.487,95.091,Cloudy
2023-07-05 01:00:00+00:00,27.536999,26.137,92.09597,Rainy
2023-07-05 02:00:00+00:00,28.887,26.837,88.72238,Cloudy
2023-07-05 03:00:00+00:00,30.237,27.137,83.53931,Rainy
2023-07-05 04:00:00+00:00,30.887,27.286999,81.20039,Rainy
2023-07-05 05:00:00+00:00,31.786999,27.387,77.60018,Rainy
2023-07-05 06:00:00+00:00,32.586998,27.637,75.26088,Rainy
2023-07-05 07:00:00+00:00,32.487,27.637,75.68657,Rainy
2023-07-05 08:00:00+00:00,32.987,27.437,72.72879,Rainy
2023-07-05 09:00:00+00:00,32.787,27.286999,72.908264,Rainy
2023-07-05 10:00:00+00:00,29.637,26.737,84.46192,Rainy
2023-07-05 11:00:00+00:00,30.087,26.237,79.91272,Rainy
2023-07-05 12:00:00+00:00,28.536999,26.337,87.91343,Cloudy
2023-07-05 13:00:00+00:00,27.937,26.337,91.03802,Cloudy
2023-07-05 14:00:00+00:00,27.437,26.337,93.7376,Cloudy
2023-07-05 15:00:00+00:00,27.286999,26.286999,94.2862,Cloudy
2023-07-05 16:00:00+00:00,27.137,26.187,94.559105,Cloudy
2023-07-05 17:00:00+00:00,27.137,26.087,94.00172,Cloudy
2023-07-05 18:00:00+00:00,27.137,26.036999,93.72409,Cloudy
2023-07-05 19:00:00+00:00,27.036999,25.937,93.7196,Cloudy
2023-07-05 20:00:00+00:00,26.987,25.887,93.717316,Cloudy
2023-07-05 21:00:00+00:00,26.837,25.937,94.82765,Cloudy
2023-07-05 22:00:00+00:00,26.737,25.937,95.387215,Cloudy
2023-07-05 23:00:00+00:00,26.286999,25.087,93.129295,Rainy
2023-07-06 00:00:00+00:00,26.487,25.536999,94.53347,Rainy
2023-07-06 01:00:00+00:00,27.337,26.087,92.90571,Cloudy
2023-07-06 02:00:00+00:00,28.487,26.087,86.87628,Cloudy
2023-07-06 03:00:00+00:00,29.337,26.337,83.933556,Rainy
2023-07-06 04:00:00+00:00,28.587,25.786999,84.85253,Rainy
2023-07-06 05:00:00+00:00,29.837,26.637,83.004814,Rainy
2023-07-06 06:00:00+00:00,31.536999,26.237,73.56087,Cloudy
2023-07-06 07:00:00+00:00,29.487,25.987,81.50638,Rainy
2023-07-06 08:00:00+00:00,30.337,26.237,78.774765,Rainy
2023-07-06 09:00:00+00:00,31.387,26.087,73.535934,Rainy
2023-07-06 10:00:00+00:00,30.087,25.337,75.761375,Rainy
2023-07-06 11:00:00+00:00,29.437,26.137,82.470314,Rainy
2023-07-06 12:00:00+00:00,29.387,26.036999,82.22092,Cloudy
2023-07-06 13:00:00+00:00,28.637,25.687,84.10645,Cloudy
2023-07-06 14:00:00+00:00,28.087,25.437,85.56057,Rainy
2023-07-06 15:00:00+00:00,26.437,24.637,89.86223,Rainy
2023-07-06 16:00:00+00:00,26.687,25.337,92.32216,Rainy
2023-07-06 17:00:00+00:00,26.387,25.286999,93.69016,Cloudy
2023-07-06 18:00:00+00:00,25.286999,24.786999,97.0637,Rainy
2023-07-06 19:00:00+00:00,25.087,24.487,96.4804,Rainy
2023-07-06 20:00:00+00:00,24.987,24.487,97.0572,Rainy
2023-07-06 21:00:00+00:00,24.887,24.387,97.05504,Rainy
2023-07-06 22:00:00+00:00,24.786999,24.286999,97.05286,Rainy
2023-07-06 23:00:00+00:00,24.637,24.337,98.22051,Rainy
2023-07-07 00:00:00+00:00,25.887,25.337,96.788414,Rainy
2023-07-07 01:00:00+00:00,25.937,25.187,95.644714,Rainy
2023-07-07 02:00:00+00:00,26.786999,25.337,91.78039,Rainy
2023-07-07 03:00:00+00:00,27.536999,25.487,88.61584,Rainy
2023-07-07 04:00:00+00:00,28.987,25.786999,82.90752,Cloudy
2023-07-07 05:00:00+00:00,29.487,25.487,79.12537,Cloudy
2023-07-07 06:00:00+00:00,30.337,25.937,77.38943,Rainy
2023-07-07 07:00:00+00:00,30.536999,25.987,76.73479,Cloudy
2023-07-07 08:00:00+00:00,29.786999,25.786999,79.166405,Rainy
2023-07-07 09:00:00+00:00,29.587,25.937,80.79832,Cloudy
2023-07-07 10:00:00+00:00,30.687,25.987,76.07918,Rainy
2023-07-07 11:00:00+00:00,30.737,26.137,76.53817,Rainy
2023-07-07 12:00:00+00:00,29.187,26.237,84.16554,Rainy
2023-07-07 13:00:00+00:00,28.937,26.137,84.88859,Cloudy
2023-07-07 14:00:00+00:00,28.387,25.937,86.61052,Cloudy
2023-07-07 15:00:00+00:00,27.987,25.687,87.34775,Cloudy
2023-07-07 16:00:00+00:00,27.786999,25.687,88.37322,Cloudy
2023-07-07 17:00:00+00:00,27.587,25.637,89.1474,Cloudy
2023-07-07 18:00:00+00:00,26.587,25.237,92.316666,Rainy
2023-07-07 19:00:00+00:00,25.587,24.937,96.205956,Rainy
2023-07-07 20:00:00+00:00,25.137,24.687,97.35097,Rainy
2023-07-07 21:00:00+00:00,25.137,24.587,96.770706,Rainy
2023-07-07 22:00:00+00:00,24.987,24.387,96.477806,Rainy
2023-07-07 23:00:00+00:00,24.887,24.237,96.1865,Rainy
2023-07-08 00:00:00+00:00,26.036999,25.337,95.93279,Cloudy
2023-07-08 01:00:00+00:00,26.687,25.387,92.59704,Cloudy
2023-07-08 02:00:00+00:00,27.837,25.637,87.85457,Cloudy
2023-07-08 03:00:00+00:00,28.387,26.087,87.38272,Cloudy
2023-07-08 04:00:00+00:00,29.687,26.387,82.49961,Cloudy
2023-07-08 05:00:00+00:00,30.887,26.536999,77.698395,Rainy
2023-07-08 06:00:00+00:00,31.887,26.487,73.18626,Rainy
2023-07-08 07:00:00+00:00,32.237,26.437,71.53941,Rainy
2023-07-08 08:00:00+00:00,32.137,26.286999,71.31097,Rainy
2023-07-08 09:00:00+00:00,31.387,26.036999,73.31875,Rainy
2023-07-08 10:00:00+00:00,28.987,26.237,85.1449,Rainy
2023-07-08 11:00:00+00:00,29.837,26.237,81.069244,Rainy
2023-07-08 12:00:00+00:00,29.087,26.337,85.155014,Cloudy
2023-07-08 13:00:00+00:00,28.437,26.337,88.42569,Cloudy
2023-07-08 14:00:00+00:00,27.987,25.887,88.38939,Cloudy
2023-07-08 15:00:00+00:00,27.737,25.837,89.42338,Cloudy
2023-07-08 16:00:00+00:00,27.437,25.887,91.27624,Cloudy
2023-07-08 17:00:00+00:00,27.286999,25.837,91.809555,Cloudy
2023-07-08 18:00:00+00:00,27.036999,25.637,92.06779,Cloudy
2023-07-08 19:00:00+00:00,26.637,25.387,92.8701,Cloudy
2023-07-08 20:00:00+00:00,26.387,25.286999,93.69016,Cloudy
2023-07-08 21:00:00+00:00,26.137,25.087,93.95837,Rainy
2023-07-08 22:00:00+00:00,25.786999,25.237,96.78607,Rainy
2023-07-08 23:00:00+00:00,25.437,24.987,97.35681,Rainy
2023-07-09 00:00:00+00:00,26.036999,25.487,96.79195,Rainy
2023-07-09 01:00:00+00:00,26.637,25.536999,93.70151,Cloudy
2023-07-09 02:00:00+00:00,28.036999,25.837,87.871445,Cloudy
2023-07-09 03:00:00+00:00,29.337,26.387,84.18159,Cloudy
2023-07-09 04:00:00+00:00,29.937,26.587,82.28614,Rainy
2023-07-09 05:00:00+00:00,30.687,26.387,77.89903,Rainy
2023-07-09 06:00:00+00:00,31.137,26.387,75.92373,Rainy
2023-07-09 07:00:00+00:00,31.737,26.687,74.68635,Rainy
2023-07-09 08:00:00+00:00,31.937,26.987,75.158775,Rainy
2023-07-09 09:00:00+00:00,32.237,27.187,74.76625,Rainy
2023-07-09 10:00:00+00:00,32.387,27.137,73.91814,Rainy
2023-07-09 11:00:00+00:00,31.987,26.987,74.94623,Rainy
2023-07-09 12:00:00+00:00,30.337,26.737,81.13187,Rainy
2023-07-09 13:00:00+00:00,29.437,26.937,86.452385,Cloudy
2023-07-09 14:00:00+00:00,28.887,26.837,88.72238,Cloudy
2023-07-09 15:00:00+00:00,28.837,26.687,88.19779,Cloudy
2023-07-09 16:00:00+00:00,28.687,26.637,88.70666,Cloudy
2023-07-09 17:00:00+00:00,28.337,26.536999,89.996796,Cloudy
2023-07-09 18:00:00+00:00,27.887,26.387,91.57382,Cloudy
2023-07-09 19:00:00+00:00,27.087,25.937,93.44484,Rainy
2023-07-09 20:00:00+00:00,26.887,25.587,92.60764,Rainy
2023-07-09 21:00:00+00:00,26.437,25.237,93.13668,Rainy
2023-07-09 22:00:00+00:00,26.087,25.337,95.64947,Rainy
2023-07-09 23:00:00+00:00,26.036999,25.437,96.504814,Rainy
2023-07-10 00:00:00+00:00,26.487,25.637,95.09631,Rainy
2023-07-10 01:00:00+00:00,27.286999,26.286999,94.2862,Cloudy
2023-07-10 02:00:00+00:00,28.087,26.487,91.047485,Rainy
2023-07-10 03:00:00+00:00,28.387,26.536999,89.73551,Rainy
2023-07-10 04:00:00+00:00,29.786999,26.437,82.268394,Rainy
2023-07-10 05:00:00+00:00,31.187,27.337,80.057335,Rainy
2023-07-10 06:00:00+00:00,31.587,27.337,78.25647,Rainy
2023-07-10 07:00:00+00:00,31.786999,27.286999,77.146805,Rainy
2023-07-10 08:00:00+00:00,32.336998,27.036999,73.69329,Rainy
2023-07-10 09:00:00+00:00,32.787,27.087,72.0579,Rainy
2023-07-10 10:00:00+00:00,29.786999,26.587,82.99915,Rainy
2023-07-10 11:00:00+00:00,29.937,26.887,83.751945,Rainy
2023-07-10 12:00:00+00:00,29.687,26.587,83.478325,Cloudy
2023-07-10 13:00:00+00:00,28.587,26.786999,90.01432,Cloudy
2023-07-10 14:00:00+00:00,28.036999,26.687,92.39565,Cloudy
2023-07-10 15:00:00+00:00,27.937,26.387,91.307045,Cloudy
2023-07-10 16:00:00+00:00,27.837,26.237,91.03168,Cloudy
2023-07-10 17:00:00+00:00,27.837,26.337,91.57085,Cloudy
2023-07-10 18:00:00+00:00,27.337,25.887,91.81245,Rainy
2023-07-10 19:00:00+00:00,26.937,25.687,92.8854,Rainy
2023-07-10 20:00:00+00:00,26.786999,25.887,94.825806,Rainy
2023-07-10 21:00:00+00:00,26.337,25.536999,95.373795,Rainy
2023-07-10 22:00:00+00:00,26.087,25.637,97.36938,Rainy
2023-07-10 23:00:00+00:00,25.737,25.286999,97.3626,Rainy
2023-07-11 00:00:00+00:00,26.036999,25.687,97.947945,Rainy
2023-07-11 01:00:00+00:00,26.387,25.687,95.94316,Rainy
2023-07-11 02:00:00+00:00,26.987,25.587,92.06496,Rainy
2023-07-11 03:00:00+00:00,28.387,25.786999,85.84429,Cloudy
2023-07-11 04:00:00+00:00,29.737,26.137,81.05668,Cloudy
2023-07-11 05:00:00+00:00,30.437,26.337,78.788605,Rainy
2023-07-11 06:00:00+00:00,30.487,26.437,79.028305,Rainy
2023-07-11 07:00:00+00:00,30.987,26.737,78.17174,Cloudy
2023-07-11 08:00:00+00:00,31.137,26.487,76.37293,Rainy
2023-07-11 09:00:00+00:00,30.937,26.687,78.16464,Cloudy
2023-07-11 10:00:00+00:00,30.887,26.887,79.315865,Cloudy
2023-07-11 11:00:00+00:00,30.987,27.036999,79.56269,Cloudy
2023-07-11 12:00:00+00:00,29.887,26.987,84.48819,Cloudy
2023-07-11 13:00:00+00:00,29.036999,26.937,88.4738,Cloudy
2023-07-11 14:00:00+00:00,28.487,26.737,90.272644,Cloudy
2023-07-11 15:00:00+00:00,27.987,26.337,90.7729,Rainy
2023-07-11 16:00:00+00:00,27.536999,25.737,89.9405,Cloudy
2023-07-11 17:00:00+00:00,26.887,25.437,91.78623,Cloudy
2023-07-11 18:00:00+00:00,26.187,25.487,95.937225,Rainy
2023-07-11 19:00:00+00:00,25.687,25.337,97.942635,Rainy
2023-07-11 20:00:00+00:00,25.637,25.087,96.78253,Rainy
2023-07-11 21:00:00+00:00,25.387,25.036999,97.93808,Rainy
2023-07-11 22:00:00+00:00,25.337,25.087,98.52283,Rainy
2023-07-11 23:00:00+00:00,25.187,24.937,98.52118,Rainy
2023-07-12 00:00:00+00:00,25.837,25.487,97.94491,Rainy
2023-07-12 01:00:00+00:00,26.187,25.536999,96.222534,Rainy
2023-07-12 02:00:00+00:00,26.536999,25.737,95.38055,Rainy
2023-07-12 03:00:00+00:00,26.687,25.837,95.10344,Rainy
2023-07-12 04:00:00+00:00,27.687,25.737,89.15502,Rainy
2023-07-12 05:00:00+00:00,28.137,26.237,89.45297,Rainy
2023-07-12 06:00:00+00:00,29.036999,26.637,86.92589,Rainy
2023-07-12 07:00:00+00:00,29.286999,26.887,86.94834,Rainy
2023-07-12 08:00:00+00:00,27.737,25.937,89.9546,Rainy
2023-07-12 09:00:00+00:00,27.687,26.087,91.02217,Rainy
2023-07-12 10:00:00+00:00,27.887,26.286999,91.03484,Rainy
2023-07-12 11:00:00+00:00,28.337,26.187,88.1568,Rainy
2023-07-12 12:00:00+00:00,28.337,26.987,92.41184,Rainy
2023-07-12 13:00:00+00:00,28.237,27.137,93.77335,Rainy
2023-07-12 14:00:00+00:00,27.837,26.687,93.47996,Cloudy
2023-07-12 15:00:00+00:00,27.587,26.487,93.74433,Cloudy
2023-07-12 16:00:00+00:00,27.237,26.487,95.685646,Cloudy
2023-07-12 17:00:00+00:00,26.737,26.187,96.808304,Rainy
2023-07-12 18:00:00+00:00,25.887,25.487,97.65523,Rainy
2023-07-12 19:00:00+00:00,25.487,25.187,98.23165,Rainy
2023-07-12 20:00:00+00:00,25.137,24.786999,97.93427,Rainy
2023-07-12 21:00:00+00:00,25.036999,24.637,97.64048,Rainy
2023-07-12 22:00:00+00:00,24.937,24.536999,97.63874,Rainy
2023-07-12 23:00:00+00:00,24.786999,24.487,98.22248,Rainy
2023-07-13 00:00:00+00:00,25.937,25.637,98.237495,Rainy
2023-07-13 01:00:00+00:00,26.237,25.887,97.950935,Rainy
2023-07-13 02:00:00+00:00,27.036999,26.036999,94.27592,Rainy
2023-07-13 03:00:00+00:00,28.036999,26.337,90.50868,Rainy
2023-07-13 04:00:00+00:00,28.237,26.987,92.95111,Rainy
2023-07-13 05:00:00+00:00,29.237,27.587,90.85368,Rainy
2023-07-13 06:00:00+00:00,30.487,27.637,84.798485,Rainy
2023-07-13 07:00:00+00:00,30.637,27.187,81.88707,Rainy
2023-07-13 08:00:00+00:00,30.837,26.786999,79.07618,Rainy
2023-07-13 09:00:00+00:00,29.536999,26.036999,81.51254,Rainy
2023-07-13 10:00:00+00:00,27.536999,26.137,92.09597,Rainy
2023-07-13 11:00:00+00:00,27.687,26.237,91.83279,Rainy
2023-07-13 12:00:00+00:00,27.937,26.536999,92.11838,Rainy
2023-07-13 13:00:00+00:00,27.637,26.387,92.92089,Cloudy
2023-07-13 14:00:00+00:00,27.187,26.337,95.12113,Cloudy
2023-07-13 15:00:00+00:00,27.286999,26.337,94.56499,Cloudy
2023-07-13 16:00:00+00:00,27.137,26.437,95.9652,Cloudy
2023-07-13 17:00:00+00:00,26.987,26.437,96.81411,Cloudy
2023-07-13 18:00:00+00:00,26.337,25.937,97.66295,Rainy
2023-07-13 19:00:00+00:00,25.987,25.286999,95.931274,Rainy
2023-07-13 20:00:00+00:00,25.137,24.387,95.61923,Rainy
2023-07-13 21:00:00+00:00,24.887,24.137,95.61122,Rainy
2023-07-13 22:00:00+00:00,24.687,24.286999,97.63438,Rainy
2023-07-13 23:00:00+00:00,24.637,24.237,97.63354,Rainy
2023-07-14 00:00:00+00:00,25.487,24.987,97.068,Rainy
2023-07-14 01:00:00+00:00,25.637,25.087,96.78253,Rainy
2023-07-14 02:00:00+00:00,25.387,24.987,97.64658,Rainy
2023-07-14 03:00:00+00:00,25.937,25.437,97.07766,Rainy
2023-07-14 04:00:00+00:00,25.786999,25.286999,97.07444,Rainy
2023-07-14 05:00:00+00:00,26.286999,25.637,96.22531,Rainy
2023-07-14 06:00:00+00:00,26.687,25.937,95.6684,Rainy
2023-07-14 07:00:00+00:00,25.987,25.137,95.07851,Rainy
2023-07-14 08:00:00+00:00,26.987,25.286999,90.4381,Rainy
2023-07-14 09:00:00+00:00,26.737,25.387,92.324875,Rainy
2023-07-14 10:00:00+00:00,26.487,25.286999,93.1391,Rainy
2023-07-14 11:00:00+00:00,26.737,25.286999,91.77741,Rainy
2023-07-14 12:00:00+00:00,28.536999,25.487,83.597755,Rainy
2023-07-14 13:00:00+00:00,27.536999,25.536999,88.87938,Cloudy
2023-07-14 14:00:00+00:00,27.187,25.487,90.45164,Cloudy
2023-07-14 15:00:00+00:00,26.987,25.536999,91.79204,Rainy
2023-07-14 16:00:00+00:00,26.687,25.687,94.26147,Rainy
2023-07-14 17:00:00+00:00,26.437,25.687,95.66053,Rainy
2023-07-14 18:00:00+00:00,26.187,25.587,96.50863,Rainy
2023-07-14 19:00:00+00:00,25.987,25.387,96.50351,Sunny
2023-07-14 20:00:00+00:00,25.786999,25.237,96.78607,Sunny
2023-07-14 21:00:00+00:00,25.737,25.286999,97.3626,Sunny
2023-07-14 22:00:00+00:00,25.637,25.286999,97.941864,Sunny
2023-07-14 23:00:00+00:00,25.637,25.286999,97.941864,Cloudy
2023-07-15 00:00:00+00:00,25.887,25.536999,97.945656,Sunny
2023-07-15 01:00:00+00:00,27.237,25.937,92.62606,Cloudy
2023-07-15 02:00:00+00:00,28.286999,26.237,88.67522,Cloudy
2023-07-15 03:00:00+00:00,29.387,26.237,83.198875,Cloudy
2023-07-15 04:00:00+00:00,29.987,25.937,78.95963,Rainy
2023-07-15 05:00:00+00:00,29.737,25.937,80.10321,Rainy
2023-07-15 06:00:00+00:00,29.237,26.036999,82.936226,Rainy
2023-07-15 07:00:00+00:00,29.587,26.437,83.221436,Rainy
2023-07-15 08:00:00+00:00,31.387,26.887,77.087944,Rainy
2023-07-15 09:00:00+00:00,32.237,26.587,72.174866,Cloudy
2023-07-15 10:00:00+00:00,29.587,26.187,82.00206,Rainy
2023-07-15 11:00:00+00:00,29.837,26.536999,82.51717,Rainy
2023-07-15 12:00:00+00:00,29.587,26.187,82.00206,Rainy
2023-07-15 13:00:00+00:00,28.987,26.286999,85.3967,Cloudy
2023-07-15 14:00:00+00:00,28.286999,25.837,86.60131,Cloudy
2023-07-15 15:00:00+00:00,27.937,25.437,86.31215,Cloudy
2023-07-15 16:00:00+00:00,27.737,25.237,86.29328,Cloudy
2023-07-15 17:00:00+00:00,27.687,25.286999,86.80364,Cloudy
2023-07-15 18:00:00+00:00,27.487,25.387,88.34886,Cloudy
2023-07-15 19:00:00+00:00,27.187,25.337,89.64876,Cloudy
2023-07-15 20:00:00+00:00,26.837,25.137,90.42797,Cloudy
2023-07-15 21:00:00+00:00,26.687,25.036999,90.68776,Cloudy
2023-07-15 22:00:00+00:00,26.536999,24.937,90.94878,Cloudy
2023-07-15 23:00:00+00:00,26.286999,24.737,91.20478,Cloudy
2023-07-16 00:00:00+00:00,26.937,25.237,90.43477,Sunny
2023-07-16 01:00:00+00:00,27.887,25.187,85.286575,Sunny
2023-07-16 02:00:00+00:00,28.786999,25.237,81.17804,Sunny
2023-07-16 03:00:00+00:00,29.737,25.036999,75.932915,Sunny
2023-07-16 04:00:00+00:00,30.786999,24.737,70.227,Rainy
2023-07-16 05:00:00+00:00,31.587,24.737,67.09858,Rainy
2023-07-16 06:00:00+00:00,32.287,24.837,64.876045,Rainy
2023-07-16 07:00:00+00:00,32.287,25.187,66.24396,Rainy
2023-07-16 08:00:00+00:00,32.836998,24.687,62.333656,Rainy
2023-07-16 09:00:00+00:00,32.437,24.737,63.94574,Rainy
2023-07-16 10:00:00+00:00,31.837,25.087,67.54933,Cloudy
2023-07-16 11:00:00+00:00,31.536999,25.286999,69.532364,Cloudy
2023-07-16 12:00:00+00:00,30.487,25.487,74.70667,Rainy
2023-07-16 13:00:00+00:00,29.637,24.937,75.917465,Cloudy
2023-07-16 14:00:00+00:00,28.937,24.837,78.579544,Cloudy
2023-07-16 15:00:00+00:00,28.387,24.487,79.4482,Cloudy
2023-07-16 16:00:00+00:00,28.187,24.587,80.86049,Cloudy
2023-07-16 17:00:00+00:00,28.087,24.786999,82.31081,Cloudy
2023-07-16 18:00:00+00:00,27.937,24.987,84.03075,Cloudy
2023-07-16 19:00:00+00:00,27.536999,24.987,86.01762,Cloudy
2023-07-16 20:00:00+00:00,26.286999,24.187,88.25082,Rainy
2023-07-16 21:00:00+00:00,25.786999,24.087,90.35661,Cloudy
2023-07-16 22:00:00+00:00,25.687,24.286999,91.990974,Rainy
2023-07-16 23:00:00+00:00,25.637,24.786999,95.065994,Rainy
2023-07-17 00:00:00+00:00,26.536999,24.837,90.407684,Rainy
2023-07-17 01:00:00+00:00,27.087,25.036999,88.57996,Rainy
2023-07-17 02:00:00+00:00,27.937,24.937,83.78055,Rainy
2023-07-17 03:00:00+00:00,28.187,25.987,87.884056,Rainy
2023-07-17 04:00:00+00:00,28.587,25.487,83.35538,Rainy
2023-07-17 05:00:00+00:00,29.637,25.286999,77.51697,Rainy
2023-07-17 06:00:00+00:00,29.786999,25.237,76.622055,Rainy
2023-07-17 07:00:00+00:00,30.987,25.087,70.894775,Rainy
2023-07-17 08:00:00+00:00,31.337,25.087,69.495094,Rainy
2023-07-17 09:00:00+00:00,31.837,24.937,66.94796,Rainy
2023-07-17 10:00:00+00:00,31.786999,24.837,66.73862,Rainy
2023-07-17 11:00:00+00:00,29.286999,24.837,77.004944,Rainy
2023-07-17 12:00:00+00:00,29.987,25.587,77.33814,Cloudy
2023-07-17 13:00:00+00:00,28.937,25.187,80.2364,Sunny
2023-07-17 14:00:00+00:00,28.036999,24.937,83.29341,Cloudy
2023-07-17 15:00:00+00:00,27.837,25.137,85.2815,Sunny
2023-07-17 16:00:00+00:00,27.637,25.137,86.283844,Cloudy
2023-07-17 17:00:00+00:00,27.487,25.087,86.78541,Cloudy
2023-07-17 18:00:00+00:00,27.237,24.987,87.54247,Cloudy
2023-07-17 19:00:00+00:00,26.786999,24.887,89.35265,Cloudy
2023-07-17 20:00:00+00:00,26.387,24.637,90.12772,Cloudy
2023-07-17 21:00:00+00:00,26.187,24.137,88.507774,Cloudy
2023-07-17 22:00:00+00:00,26.036999,23.837,87.70139,Cloudy
2023-07-17 23:00:00+00:00,25.937,23.786999,87.957016,Cloudy
2023-07-18 00:00:00+00:00,26.487,24.337,88.003235,Cloudy
2023-07-18 01:00:00+00:00,27.637,24.987,85.51598,Cloudy
2023-07-18 02:00:00+00:00,28.887,25.437,81.67468,Cloudy
2023-07-18 03:00:00+00:00,30.237,25.737,76.91752,Cloudy
2023-07-18 04:00:00+00:00,31.286999,25.837,72.86911,Cloudy
2023-07-18 05:00:00+00:00,31.536999,25.737,71.41589,Rainy
2023-07-18 06:00:00+00:00,32.086998,25.837,69.63455,Rainy
2023-07-18 07:00:00+00:00,32.937,25.937,66.7684,Rainy
2023-07-18 08:00:00+00:00,33.537,25.737,63.797127,Cloudy
2023-07-18 09:00:00+00:00,33.737,25.387,61.789635,Cloudy
2023-07-18 10:00:00+00:00,33.336998,25.487,63.565952,Sunny
2023-07-18 11:00:00+00:00,32.586998,25.786999,67.495026,Cloudy
2023-07-18 12:00:00+00:00,29.187,26.337,84.66404,Cloudy
2023-07-18 13:00:00+00:00,28.887,26.387,86.401215,Cloudy
2023-07-18 14:00:00+00:00,28.937,26.437,86.40588,Cloudy
2023-07-18 15:00:00+00:00,28.687,26.137,86.12762,Cloudy
2023-07-18 16:00:00+00:00,28.286999,25.937,87.11577,Cloudy
2023-07-18 17:00:00+00:00,28.137,25.837,87.36088,Cloudy
2023-07-18 18:00:00+00:00,27.937,25.786999,88.12383,Cloudy
2023-07-18 19:00:00+00:00,27.786999,25.637,88.11144,Cloudy
2023-07-18 20:00:00+00:00,27.587,25.487,88.357,Cloudy
2023-07-18 21:00:00+00:00,27.286999,25.437,89.65603,Sunny
2023-07-18 22:00:00+00:00,27.137,25.387,90.17984,Cloudy
2023-07-18 23:00:00+00:00,27.087,25.286999,89.90855,Sunny
2023-07-19 00:00:00+00:00,27.687,25.887,89.95107,Cloudy
2023-07-19 01:00:00+00:00,29.137,26.637,86.424515,Cloudy
2023-07-19 02:00:00+00:00,30.437,26.887,81.38325,Sunny
2023-07-19 03:00:00+00:00,31.536999,26.786999,75.98518,Cloudy
2023-07-19 04:00:00+00:00,32.637,26.187,68.91744,Cloudy
2023-07-19 05:00:00+00:00,33.237,25.737,64.87909,Cloudy
2023-07-19 06:00:00+00:00,33.887,25.687,62.375206,Cloudy
2023-07-19 07:00:00+00:00,34.437,25.587,60.13389,Sunny
2023-07-19 08:00:00+00:00,34.787,25.437,58.452614,Sunny
2023-07-19 09:00:00+00:00,34.737,25.637,59.315357,Sunny
2023-07-19 10:00:00+00:00,34.537,25.786999,60.514046,Sunny
2023-07-19 11:00:00+00:00,34.086998,25.837,62.233738,Sunny
2023-07-19 12:00:00+00:00,32.987,26.587,69.186844,Sunny
2023-07-19 13:00:00+00:00,31.387,26.487,75.29364,Sunny
2023-07-19 14:00:00+00:00,30.337,26.487,79.945724,Sunny
2023-07-19 15:00:00+00:00,29.737,26.437,82.505486,Sunny
2023-07-19 16:00:00+00:00,29.637,26.036999,81.04411,Sunny
2023-07-19 17:00:00+00:00,29.437,25.687,80.30164,Sunny
2023-07-19 18:00:00+00:00,29.286999,25.487,80.04406,Sunny
2023-07-19 19:00:00+00:00,28.837,25.437,81.91163,Sunny
2023-07-19 20:00:00+00:00,28.337,25.487,84.57518,Sunny
2023-07-19 21:00:00+00:00,27.637,25.536999,88.36106,Sunny
2023-07-19 22:00:00+00:00,27.337,25.536999,89.9263,Sunny
2023-07-19 23:00:00+00:00,27.036999,25.587,91.795,Sunny
2023-07-20 00:00:00+00:00,28.087,25.987,88.39746,Sunny
2023-07-20 01:00:00+00:00,29.786999,26.786999,83.982285,Sunny
2023-07-20 02:00:00+00:00,30.637,26.687,79.51584,Sunny
2023-07-20 03:00:00+00:00,31.687,26.737,75.11934,Sunny
2023-07-20 04:00:00+00:00,32.836998,26.087,67.74378,Sunny
2023-07-20 05:00:00+00:00,33.637,25.487,62.50661,Sunny
2023-07-20 06:00:00+00:00,34.287,24.987,58.5117,Sunny
2023-07-20 07:00:00+00:00,34.637,25.036999,57.55484,Rainy
2023-07-20 08:00:00+00:00,34.987,25.087,56.616375,Sunny
2023-07-20 09:00:00+00:00,35.086998,25.237,56.808804,Sunny
2023-07-20 10:00:00+00:00,34.887,25.286999,57.61306,Sunny
2023-07-20 11:00:00+00:00,34.336998,25.337,59.577908,Sunny
2023-07-20 12:00:00+00:00,33.387,26.536999,67.45142,Sunny
2023-07-20 13:00:00+00:00,31.536999,26.137,73.12742,Sunny
2023-07-20 14:00:00+00:00,30.887,25.487,73.01766,Sunny
2023-07-20 15:00:00+00:00,30.286999,25.437,75.34351,Sunny
2023-07-20 16:00:00+00:00,29.937,25.286999,76.19015,Sunny
2023-07-20 17:00:00+00:00,29.587,24.937,76.1365,Sunny
2023-07-20 18:00:00+00:00,29.187,24.987,78.147385,Sunny
2023-07-20 19:00:00+00:00,28.786999,25.087,80.45615,Sunny
2023-07-20 20:00:00+00:00,28.487,24.987,81.382675,Sunny
2023-07-20 21:00:00+00:00,28.137,24.937,82.80945,Sunny
2023-07-20 22:00:00+00:00,27.737,24.937,84.76449,Sunny
2023-07-20 23:00:00+00:00,27.587,24.987,85.76637,Cloudy
2023-07-21 00:00:00+00:00,28.237,25.387,84.56466,Cloudy
2023-07-21 01:00:00+00:00,28.786999,25.637,83.13085,Cloudy
2023-07-21 02:00:00+00:00,29.737,25.987,80.34066,Cloudy
2023-07-21 03:00:00+00:00,30.687,26.487,78.359924,Cloudy
2023-07-21 04:00:00+00:00,30.987,26.587,77.48425,Cloudy
2023-07-21 05:00:00+00:00,31.887,26.786999,74.490944,Cloudy
2023-07-21 06:00:00+00:00,32.887,26.987,71.2339,Cloudy
2023-07-21 07:00:00+00:00,33.437,26.837,68.46134,Rainy
2023-07-21 08:00:00+00:00,30.536999,26.337,78.33882,Rainy
2023-07-21 09:00:00+00:00,30.687,26.286999,77.44054,Rainy
2023-07-21 10:00:00+00:00,30.937,26.887,79.08983,Cloudy
2023-07-21 11:00:00+00:00,31.437,26.637,75.74645,Cloudy
2023-07-21 12:00:00+00:00,30.437,25.487,74.920876,Cloudy
2023-07-21 13:00:00+00:00,29.637,25.437,78.21147,Cloudy
2023-07-21 14:00:00+00:00,29.187,25.437,80.26905,Sunny
2023-07-21 15:00:00+00:00,28.937,25.437,81.43849,Sunny
2023-07-21 16:00:00+00:00,28.837,25.487,82.15535,Sunny
2023-07-21 17:00:00+00:00,28.687,25.536999,83.11948,Sunny
2023-07-21 18:00:00+00:00,28.437,25.587,84.585686,Sunny
2023-07-21 19:00:00+00:00,28.286999,25.587,85.32678,Cloudy
2023-07-21 20:00:00+00:00,28.087,25.587,86.32626,Cloudy
2023-07-21 21:00:00+00:00,27.036999,25.387,90.7108,Rainy
2023-07-21 22:00:00+00:00,26.137,24.937,93.12188,Rainy
2023-07-21 23:00:00+00:00,26.087,24.987,93.67652,Rainy
2023-07-22 00:00:00+00:00,27.587,25.737,89.677795,Rainy
2023-07-22 01:00:00+00:00,28.637,26.536999,88.44175,Cloudy
2023-07-22 02:00:00+00:00,29.837,26.687,83.24959,Rainy
2023-07-22 03:00:00+00:00,30.587,26.687,79.74356,Rainy
2023-07-22 04:00:00+00:00,31.587,26.387,74.004715,Rainy
2023-07-22 05:00:00+00:00,32.187,26.387,71.5306,Rainy
2023-07-22 06:00:00+00:00,32.586998,26.687,71.180725,Rainy
2023-07-22 07:00:00+00:00,32.937,26.587,69.38163,Rainy
2023-07-22 08:00:00+00:00,32.737,26.437,69.54928,Rainy
2023-07-22 09:00:00+00:00,32.887,26.187,67.95399,Rainy
2023-07-22 10:00:00+00:00,29.786999,25.987,80.10979,Rainy
2023-07-22 11:00:00+00:00,28.187,25.687,86.33568,Rainy
2023-07-22 12:00:00+00:00,30.937,26.987,79.55604,Rainy
2023-07-22 13:00:00+00:00,30.036999,26.536999,81.57392,Cloudy
2023-07-22 14:00:00+00:00,29.487,25.937,81.26549,Sunny
2023-07-22 15:00:00+00:00,29.137,25.637,81.46322,Cloudy
2023-07-22 16:00:00+00:00,28.937,25.786999,83.14788,Cloudy
2023-07-22 17:00:00+00:00,28.687,26.087,85.87336,Cloudy
2023-07-22 18:00:00+00:00,28.536999,26.187,87.137985,Sunny
2023-07-22 19:00:00+00:00,28.286999,26.036999,87.63288,Sunny
2023-07-22 20:00:00+00:00,27.987,25.937,88.6515,Sunny
2023-07-22 21:00:00+00:00,27.687,25.887,89.95107,Sunny
2023-07-22 22:00:00+00:00,27.437,25.837,91.00628,Sunny
2023-07-22 23:00:00+00:00,27.237,25.737,91.5349,Sunny
2023-07-23 00:00:00+00:00,27.987,26.187,89.97224,Sunny
2023-07-23 01:00:00+00:00,29.087,26.637,86.674774,Sunny
2023-07-23 02:00:00+00:00,30.437,27.187,82.82976,Sunny
2023-07-23 03:00:00+00:00,31.437,27.187,78.235306,Rainy
2023-07-23 04:00:00+00:00,32.237,26.587,72.174866,Sunny
2023-07-23 05:00:00+00:00,33.336998,25.937,65.28524,Sunny
2023-07-23 06:00:00+00:00,33.937,25.437,61.28482,Sunny
2023-07-23 07:00:00+00:00,33.987,25.286999,60.571316,Cloudy
2023-07-23 08:00:00+00:00,34.137,25.137,59.53261,Cloudy
2023-07-23 09:00:00+00:00,33.937,24.887,59.310093,Sunny
2023-07-23 10:00:00+00:00,33.836998,24.737,59.11057,Cloudy
2023-07-23 11:00:00+00:00,33.187,24.786999,61.4855,Rainy
2023-07-23 12:00:00+00:00,32.586998,25.587,66.699036,Cloudy
2023-07-23 13:00:00+00:00,30.786999,25.837,74.976685,Sunny
2023-07-23 14:00:00+00:00,30.237,25.187,74.44453,Cloudy
2023-07-23 15:00:00+00:00,29.687,25.237,77.06441,Sunny
2023-07-23 16:00:00+00:00,29.087,25.487,80.974754,Cloudy
2023-07-23 17:00:00+00:00,28.737,25.587,83.12517,Cloudy
2023-07-23 18:00:00+00:00,28.387,25.536999,84.58043,Cloudy
2023-07-23 19:00:00+00:00,27.786999,25.587,87.85038,Cloudy
2023-07-23 20:00:00+00:00,27.487,25.637,89.670525,Cloudy
2023-07-23 21:00:00+00:00,26.837,25.337,91.51082,Rainy
2023-07-23 22:00:00+00:00,25.737,25.187,96.784874,Rainy
2023-07-23 23:00:00+00:00,25.337,24.987,97.93732,Rainy
2023-07-24 00:00:00+00:00,26.036999,25.487,96.79195,Rainy
2023-07-24 01:00:00+00:00,27.286999,25.837,91.809555,Cloudy
2023-07-24 02:00:00+00:00,28.286999,25.887,86.8582,Cloudy
2023-07-24 03:00:00+00:00,29.337,25.837,81.4879,Cloudy
2023-07-24 04:00:00+00:00,30.137,26.286999,79.91933,Rainy
2023-07-24 05:00:00+00:00,30.937,26.637,77.93482,Cloudy
2023-07-24 06:00:00+00:00,31.837,26.737,74.4829,Rainy
2023-07-24 07:00:00+00:00,32.586998,26.687,71.180725,Rainy
2023-07-24 08:00:00+00:00,32.787,26.786999,70.79858,Cloudy
2023-07-24 09:00:00+00:00,32.737,26.786999,70.99819,Rainy
2023-07-24 10:00:00+00:00,30.187,26.587,81.11311,Rainy
2023-07-24 11:00:00+00:00,30.387,26.687,80.66196,Cloudy
2023-07-24 12:00:00+00:00,28.187,26.087,88.40555,Cloudy
2023-07-24 13:00:00+00:00,27.737,26.387,92.37938,Cloudy
2023-07-24 14:00:00+00:00,27.536999,26.337,93.19057,Sunny
2023-07-24 15:00:00+00:00,27.487,26.087,92.09315,Sunny
2023-07-24 16:00:00+00:00,27.587,25.937,90.74681,Cloudy
2023-07-24 17:00:00+00:00,27.487,25.937,91.27932,Cloudy
2023-07-24 18:00:00+00:00,27.487,26.036999,91.82115,Cloudy
2023-07-24 19:00:00+00:00,27.036999,25.387,90.7108,Rainy
2023-07-24 20:00:00+00:00,26.437,25.337,93.692444,Rainy
2023-07-24 21:00:00+00:00,25.487,24.887,96.4907,Rainy
2023-07-24 22:00:00+00:00,25.137,24.437,95.90597,Rainy
2023-07-24 23:00:00+00:00,24.987,24.337,96.18927,Rainy
2023-07-25 00:00:00+00:00,26.587,25.087,91.49571,Cloudy
2023-07-25 01:00:00+00:00,27.036999,25.437,90.9808,Cloudy
2023-07-25 02:00:00+00:00,27.837,25.687,88.115585,Rainy
2023-07-25 03:00:00+00:00,28.937,26.237,85.39175,Rainy
2023-07-25 04:00:00+00:00,29.587,26.137,81.760056,Rainy
2023-07-25 05:00:00+00:00,29.937,26.237,80.604385,Rainy
2023-07-25 06:00:00+00:00,30.536999,26.437,78.80245,Cloudy
2023-07-25 07:00:00+00:00,30.737,26.637,78.830055,Cloudy
2023-07-25 08:00:00+00:00,30.987,26.987,79.3294,Cloudy
2023-07-25 09:00:00+00:00,31.837,26.887,75.143,Cloudy
2023-07-25 10:00:00+00:00,32.187,26.536999,72.16621,Sunny
2023-07-25 11:00:00+00:00,32.187,26.487,71.95381,Cloudy
2023-07-25 12:00:00+00:00,31.536999,26.187,73.343864,Sunny
2023-07-25 13:00:00+00:00,30.137,26.237,79.68367,Cloudy
2023-07-25 14:00:00+00:00,29.536999,26.036999,81.51254,Cloudy
2023-07-25 15:00:00+00:00,29.036999,25.786999,82.66797,Cloudy
2023-07-25 16:00:00+00:00,28.687,25.536999,83.11948,Cloudy
2023-07-25 17:00:00+00:00,28.337,25.437,84.32429,Cloudy
2023-07-25 18:00:00+00:00,28.137,25.487,85.56554,Cloudy
2023-07-25 19:00:00+00:00,28.187,25.536999,85.57046,Cloudy
2023-07-25 20:00:00+00:00,27.937,25.536999,86.82641,Cloudy
2023-07-25 21:00:00+00:00,27.587,25.587,88.88326,Cloudy
2023-07-25 22:00:00+00:00,27.387,25.587,89.92987,Rainy
2023-07-25 23:00:00+00:00,26.687,25.437,92.87265,Sunny
2023-07-26 00:00:00+00:00,27.536999,26.286999,92.91583,Cloudy
2023-07-26 01:00:00+00:00,28.286999,26.536999,90.25899,Sunny
2023-07-26 02:00:00+00:00,29.587,26.187,82.00206,Sunny
2023-07-26 03:00:00+00:00,29.786999,26.087,80.58515,Cloudy
2023-07-26 04:00:00+00:00,30.437,26.237,78.3247,Rainy
2023-07-26 05:00:00+00:00,31.536999,26.187,73.343864,Cloudy
2023-07-26 06:00:00+00:00,32.086998,26.487,72.36202,Cloudy
2023-07-26 07:00:00+00:00,32.487,26.187,69.50291,Rainy
2023-07-26 08:00:00+00:00,32.737,25.987,67.7244,Cloudy
2023-07-26 09:00:00+00:00,32.787,25.786999,66.7387,Cloudy
2023-07-26 10:00:00+00:00,32.787,25.637,66.14762,Cloudy
2023-07-26 11:00:00+00:00,32.537,24.987,64.54182,Rainy
2023-07-26 12:00:00+00:00,31.237,26.487,75.939125,Rainy
2023-07-26 13:00:00+00:00,30.387,26.137,78.08654,Cloudy
2023-07-26 14:00:00+00:00,29.737,25.786999,79.394554,Cloudy
2023-07-26 15:00:00+00:00,29.237,25.536999,80.51432,Cloudy
2023-07-26 16:00:00+00:00,28.786999,25.237,81.17804,Cloudy
2023-07-26 17:00:00+00:00,28.286999,24.837,81.60107,Cloudy
2023-07-26 18:00:00+00:00,27.987,24.737,82.545166,Cloudy
2023-07-26 19:00:00+00:00,27.687,24.837,84.506744,Cloudy
2023-07-26 20:00:00+00:00,27.437,25.036999,86.78083,Cloudy
2023-07-26 21:00:00+00:00,26.987,25.087,89.36759,Rainy
2023-07-26 22:00:00+00:00,26.137,25.036999,93.678795,Rainy
2023-07-26 23:00:00+00:00,26.087,24.786999,92.56518,Rainy
2023-07-27 00:00:00+00:00,26.036999,25.187,95.08032,Rainy
2023-07-27 01:00:00+00:00,26.536999,25.237,92.58911,Cloudy
2023-07-27 02:00:00+00:00,27.387,25.387,88.8677,Rainy
2023-07-27 03:00:00+00:00,27.637,25.487,88.09905,Rainy
2023-07-27 04:00:00+00:00,29.337,25.786999,81.24679,Rainy
2023-07-27 05:00:00+00:00,29.887,26.036999,79.88626,Cloudy
2023-07-27 06:00:00+00:00,30.587,26.286999,77.8847,Cloudy
2023-07-27 07:00:00+00:00,31.237,26.337,75.27004,Rainy
2023-07-27 08:00:00+00:00,32.037,26.487,72.5671,Cloudy
2023-07-27 09:00:00+00:00,32.137,26.487,72.15758,Cloudy
2023-07-27 10:00:00+00:00,31.587,26.737,75.54706,Rainy
2023-07-27 11:00:00+00:00,31.536999,26.437,74.434494,Rainy
2023-07-27 12:00:00+00:00,29.637,25.737,79.61678,Rainy
2023-07-27 13:00:00+00:00,29.137,25.637,81.46322,Cloudy
2023-07-27 14:00:00+00:00,28.887,25.687,82.89605,Cloudy
2023-07-27 15:00:00+00:00,28.737,25.937,84.868,Cloudy
2023-07-27 16:00:00+00:00,28.687,25.687,83.86277,Cloudy
2023-07-27 17:00:00+00:00,28.337,25.286999,83.57551,Cloudy
2023-07-27 18:00:00+00:00,27.937,25.286999,85.545715,Cloudy
2023-07-27 19:00:00+00:00,26.036999,24.687,92.28641,Rainy
2023-07-27 20:00:00+00:00,25.937,24.987,94.51171,Rainy
2023-07-27 21:00:00+00:00,25.786999,24.887,94.78819,Rainy
2023-07-27 22:00:00+00:00,25.437,24.737,95.91495,Rainy
2023-07-27 23:00:00+00:00,25.087,24.536999,96.76949,Rainy
2023-07-28 00:00:00+00:00,25.987,25.137,95.07851,Rainy
2023-07-28 01:00:00+00:00,26.737,25.687,93.98441,Rainy
2023-07-28 02:00:00+00:00,27.937,25.837,88.38535,Cloudy
2023-07-28 03:00:00+00:00,29.036999,26.187,84.64844,Cloudy
2023-07-28 04:00:00+00:00,30.387,26.187,78.317665,Cloudy
2023-07-28 05:00:00+00:00,31.087,26.036999,74.58195,Cloudy
2023-07-28 06:00:00+00:00,31.587,26.286999,73.56914,Rainy
2023-07-28 07:00:00+00:00,32.487,26.387,70.328636,Rainy
2023-07-28 08:00:00+00:00,32.287,26.387,71.1274,Rainy
2023-07-28 09:00:00+00:00,32.586998,26.137,68.90803,Rainy
2023-07-28 10:00:00+00:00,31.837,26.036999,71.468895,Rainy
2023-07-28 11:00:00+00:00,30.237,26.087,78.52838,Rainy
2023-07-28 12:00:00+00:00,29.187,25.987,82.9305,Cloudy
2023-07-28 13:00:00+00:00,28.387,25.637,85.08401,Cloudy
2023-07-28 14:00:00+00:00,28.187,25.437,85.06364,Cloudy
2023-07-28 15:00:00+00:00,28.036999,25.237,84.79568,Cloudy
2023-07-28 16:00:00+00:00,27.887,25.237,85.5408,Cloudy
2023-07-28 17:00:00+00:00,27.637,25.337,87.31706,Cloudy
2023-07-28 18:00:00+00:00,27.487,25.437,88.61183,Cloudy
2023-07-28 19:00:00+00:00,27.237,25.437,89.91921,Rainy
2023-07-28 20:00:00+00:00,26.786999,25.286999,91.5078,Rainy
2023-07-28 21:00:00+00:00,26.337,24.937,92.02809,Rainy
2023-07-28 22:00:00+00:00,25.737,24.687,93.94087,Rainy
2023-07-28 23:00:00+00:00,25.536999,24.587,94.49579,Rainy
2023-07-29 00:00:00+00:00,26.286999,24.887,92.02525,Rainy
2023-07-29 01:00:00+00:00,26.987,25.637,92.33855,Cloudy
2023-07-29 02:00:00+00:00,27.887,25.637,87.59856,Cloudy
2023-07-29 03:00:00+00:00,27.737,25.587,88.107315,Rainy
2023-07-29 04:00:00+00:00,28.687,25.637,83.61435,Rainy
2023-07-29 05:00:00+00:00,29.387,25.786999,81.012634,Rainy
2023-07-29 06:00:00+00:00,30.687,25.737,74.96075,Rainy
2023-07-29 07:00:00+00:00,30.786999,26.237,76.7722,Rainy
2023-07-29 08:00:00+00:00,31.137,26.536999,76.59837,Rainy
2023-07-29 09:00:00+00:00,31.837,26.237,72.31897,Cloudy
2023-07-29 10:00:00+00:00,31.987,26.286999,71.918976,Cloudy
2023-07-29 11:00:00+00:00,31.687,26.286999,73.152626,Rainy
2023-07-29 12:00:00+00:00,28.937,26.387,86.15135,Rainy
2023-07-29 13:00:00+00:00,28.437,25.837,85.84915,Cloudy
2023-07-29 14:00:00+00:00,28.237,25.987,87.628586,Cloudy
2023-07-29 15:00:00+00:00,27.887,25.987,89.43451,Cloudy
2023-07-29 16:00:00+00:00,27.687,25.837,89.685036,Cloudy
2023-07-29 17:00:00+00:00,27.487,25.687,89.936935,Cloudy
2023-07-29 18:00:00+00:00,27.286999,25.737,91.26698,Cloudy
2023-07-29 19:00:00+00:00,26.937,25.637,92.61025,Cloudy
2023-07-29 20:00:00+00:00,26.637,25.587,93.98011,Cloudy
2023-07-29 21:00:00+00:00,26.387,25.536999,95.09279,Cloudy
2023-07-29 22:00:00+00:00,26.036999,25.337,95.93279,Cloudy
2023-07-29 23:00:00+00:00,25.536999,24.587,94.49579,Cloudy
2023-07-30 00:00:00+00:00,26.187,25.536999,96.222534,Rainy
2023-07-30 01:00:00+00:00,27.137,25.637,91.528885,Rainy
2023-07-30 02:00:00+00:00,27.687,25.737,89.15502,Cloudy
2023-07-30 03:00:00+00:00,28.536999,25.637,84.34558,Cloudy
2023-07-30 04:00:00+00:00,29.137,25.937,82.924774,Cloudy
2023-07-30 05:00:00+00:00,30.137,25.937,78.28235,Cloudy
2023-07-30 06:00:00+00:00,30.837,26.187,76.32742,Cloudy
2023-07-30 07:00:00+00:00,31.036999,26.286999,75.90834,Rainy
2023-07-30 08:00:00+00:00,31.887,26.187,71.90157,Rainy
2023-07-30 09:00:00+00:00,32.537,26.286999,69.71777,Cloudy
2023-07-30 10:00:00+00:00,32.437,26.536999,71.15407,Cloudy
2023-07-30 11:00:00+00:00,32.187,26.637,72.59268,Cloudy
2023-07-30 12:00:00+00:00,29.237,26.286999,84.17088,Rainy
2023-07-30 13:00:00+00:00,28.387,27.087,92.68625,Cloudy
2023-07-30 14:00:00+00:00,28.036999,26.687,92.39565,Cloudy
2023-07-30 15:00:00+00:00,27.536999,26.437,93.742096,Cloudy
2023-07-30 16:00:00+00:00,27.187,26.187,94.28211,Cloudy
2023-07-30 17:00:00+00:00,26.937,26.137,95.39391,Cloudy
2023-07-30 18:00:00+00:00,27.536999,25.837,90.47518,Cloudy
2023-07-30 19:00:00+00:00,26.837,25.887,94.54729,Sunny
2023-07-30 20:00:00+00:00,26.536999,25.937,96.51755,Cloudy
2023-07-30 21:00:00+00:00,26.286999,25.887,97.66211,Cloudy
2023-07-30 22:00:00+00:00,26.286999,25.887,97.66211,Cloudy
2023-07-30 23:00:00+00:00,26.187,25.687,97.08301,Sunny
2023-07-31 00:00:00+00:00,26.587,25.487,93.699234,Cloudy
2023-07-31 01:00:00+00:00,27.937,26.387,91.307045,Cloudy
2023-07-31 02:00:00+00:00,29.286999,26.837,86.69311,Cloudy
2023-07-31 03:00:00+00:00,30.887,27.187,80.72563,Cloudy
2023-07-31 04:00:00+00:00,31.987,27.187,75.83133,Rainy
2023-07-31 05:00:00+00:00,32.836998,27.437,73.34506,Rainy
2023-07-31 06:00:00+00:00,33.487,27.737,71.96813,Rainy
2023-07-31 07:00:00+00:00,33.137,27.687,73.18079,Rainy
2023-07-31 08:00:00+00:00,32.586998,27.786999,75.92345,Rainy
2023-07-31 09:00:00+00:00,31.737,27.286999,77.3659,Rainy
2023-07-31 10:00:00+00:00,30.887,27.237,80.96273,Rainy
2023-07-31 11:00:00+00:00,31.337,27.286999,79.14431,Rainy
2023-07-31 12:00:00+00:00,32.336998,26.137,69.88714,Cloudy
2023-07-31 13:00:00+00:00,30.387,27.487,84.54051,Cloudy
2023-07-31 14:00:00+00:00,29.487,27.337,88.25081,Cloudy
2023-07-31 15:00:00+00:00,29.187,27.387,90.05617,Cloudy
2023-07-31 16:00:00+00:00,29.137,27.536999,91.11346,Cloudy
2023-07-31 17:00:00+00:00,28.687,27.637,94.067986,Cloudy
2023-07-31 18:00:00+00:00,28.687,27.536999,93.51942,Cloudy
2023-07-31 19:00:00+00:00,28.487,27.187,92.69141,Sunny
2023-07-31 20:00:00+00:00,28.286999,26.887,92.13794,Sunny
2023-07-31 21:00:00+00:00,27.937,26.887,94.03604,Sunny
2023-07-31 22:00:00+00:00,27.487,26.786999,95.97541,Cloudy
2023-07-31 23:00:00+00:00,27.637,26.837,95.417206,Cloudy
2023-08-01 00:00:00+00:00,28.036999,27.187,95.15096,Cloudy
2023-08-01 01:00:00+00:00,29.036999,27.437,91.10722,Cloudy
2023-08-01 02:00:00+00:00,30.487,28.137,87.309296,Sunny
2023-08-01 03:00:00+00:00,31.487,28.286999,83.191414,Rainy
2023-08-01 04:00:00+00:00,31.087,27.737,82.4214,Rainy
2023-08-01 05:00:00+00:00,32.487,28.137,77.92758,Cloudy
2023-08-01 06:00:00+00:00,31.637,27.286999,77.80626,Rainy
2023-08-01 07:00:00+00:00,32.836998,27.536999,73.775604,Cloudy
2023-08-01 08:00:00+00:00,33.687,27.637,70.752174,Rainy
2023-08-01 09:00:00+00:00,33.836998,27.286999,68.738396,Cloudy
2023-08-01 10:00:00+00:00,33.987,27.337,68.36501,Cloudy
2023-08-01 11:00:00+00:00,34.137,27.487,68.393486,Cloudy
2023-08-01 12:00:00+00:00,33.187,27.887,73.833,Cloudy
2023-08-01 13:00:00+00:00,31.737,27.837,79.89557,Cloudy
2023-08-01 14:00:00+00:00,31.337,27.637,80.78266,Cloudy
2023-08-01 15:00:00+00:00,28.737,26.387,87.15566,Rainy
2023-08-01 16:00:00+00:00,27.937,26.237,90.50198,Rainy
2023-08-01 17:00:00+00:00,28.387,26.487,89.471405,Cloudy
2023-08-01 18:00:00+00:00,28.137,26.337,89.982796,Cloudy
2023-08-01 19:00:00+00:00,27.536999,25.737,89.9405,Rainy
2023-08-01 20:00:00+00:00,27.087,25.286999,89.90855,Cloudy
2023-08-01 21:00:00+00:00,26.786999,24.587,87.76557,Cloudy
2023-08-01 22:00:00+00:00,26.687,24.187,86.19364,Cloudy
2023-08-01 23:00:00+00:00,26.937,24.036999,84.17412,Cloudy
2023-08-02 00:00:00+00:00,28.036999,25.237,84.79568,Cloudy
2023-08-02 01:00:00+00:00,28.687,25.487,82.87301,Cloudy
2023-08-02 02:00:00+00:00,29.687,25.637,78.91826,Cloudy
2023-08-02 03:00:00+00:00,30.286999,25.637,76.243675,Cloudy
2023-08-02 04:00:00+00:00,31.437,25.987,72.894554,Cloudy
2023-08-02 05:00:00+00:00,31.237,25.286999,70.72902,Rainy
2023-08-02 06:00:00+00:00,31.737,25.937,71.45123,Rainy
2023-08-02 07:00:00+00:00,31.587,25.587,70.58238,Rainy
2023-08-02 08:00:00+00:00,31.187,25.887,73.502594,Rainy
2023-08-02 09:00:00+00:00,31.887,25.987,71.0561,Rainy
2023-08-02 10:00:00+00:00,32.336998,26.387,70.92675,Cloudy
2023-08-02 11:00:00+00:00,29.837,25.987,79.87964,Rainy
2023-08-02 12:00:00+00:00,29.737,25.286999,77.071815,Rainy
2023-08-02 13:00:00+00:00,29.387,25.137,77.943474,Cloudy
2023-08-02 14:00:00+00:00,29.387,25.337,78.876816,Cloudy
2023-08-02 15:00:00+00:00,28.687,25.137,81.165474,Rainy
2023-08-02 16:00:00+00:00,27.337,25.187,88.07415,Rainy
2023-08-02 17:00:00+00:00,27.137,25.437,90.44826,Cloudy
2023-08-02 18:00:00+00:00,27.137,25.437,90.44826,Cloudy
2023-08-02 19:00:00+00:00,27.036999,25.187,89.63785,Rainy
2023-08-02 20:00:00+00:00,26.687,25.137,91.22971,Rainy
2023-08-02 21:00:00+00:00,26.237,24.937,92.57316,Rainy
2023-08-02 22:00:00+00:00,26.437,25.087,92.30844,Rainy
2023-08-02 23:00:00+00:00,26.337,25.087,92.85475,Cloudy
2023-08-03 00:00:00+00:00,26.587,25.437,93.42127,Cloudy
2023-08-03 01:00:00+00:00,27.487,25.587,89.40483,Cloudy
2023-08-03 02:00:00+00:00,28.337,25.587,85.07892,Rainy
2023-08-03 03:00:00+00:00,29.737,25.536999,78.22565,Rainy
2023-08-03 04:00:00+00:00,30.987,25.387,72.17196,Rainy
2023-08-03 05:00:00+00:00,31.536999,25.737,71.41589,Rainy
2023-08-03 06:00:00+00:00,32.086998,25.887,69.84112,Rainy
2023-08-03 07:00:00+00:00,32.836998,26.187,68.14547,Rainy
2023-08-03 08:00:00+00:00,32.737,26.237,68.73299,Rainy
2023-08-03 09:00:00+00:00,30.987,26.437,76.80205,Rainy
2023-08-03 10:00:00+00:00,30.087,26.087,79.20732,Rainy
2023-08-03 11:00:00+00:00,29.387,26.337,83.69165,Rainy
2023-08-03 12:00:00+00:00,27.387,25.536999,89.66328,Cloudy
2023-08-03 13:00:00+00:00,27.837,26.137,90.495285,Rainy
2023-08-03 14:00:00+00:00,27.837,26.187,90.76314,Cloudy
2023-08-03 15:00:00+00:00,27.286999,25.487,89.92279,Cloudy
2023-08-03 16:00:00+00:00,27.137,25.387,90.17984,Cloudy
2023-08-03 17:00:00+00:00,26.937,25.387,91.24527,Cloudy
2023-08-03 18:00:00+00:00,26.687,25.487,93.14898,Rainy
2023-08-03 19:00:00+00:00,26.536999,25.187,92.313934,Cloudy
2023-08-03 20:00:00+00:00,26.087,24.987,93.67652,Rainy
2023-08-03 21:00:00+00:00,25.637,24.987,96.20737,Rainy
2023-08-03 22:00:00+00:00,25.786999,25.087,95.925385,Rainy
2023-08-03 23:00:00+00:00,25.786999,25.087,95.925385,Cloudy
2023-08-04 00:00:00+00:00,26.087,25.337,95.64947,Cloudy
2023-08-04 01:00:00+00:00,26.637,25.536999,93.70151,Cloudy
2023-08-04 02:00:00+00:00,27.687,25.887,89.95107,Cloudy
2023-08-04 03:00:00+00:00,27.786999,26.187,91.02852,Rainy
2023-08-04 04:00:00+00:00,27.786999,26.286999,91.56785,Rainy
2023-08-04 05:00:00+00:00,28.937,26.337,85.897514,Rainy
2023-08-04 06:00:00+00:00,30.587,26.387,78.345825,Rainy
2023-08-04 07:00:00+00:00,31.237,26.286999,75.04814,Rainy
2023-08-04 08:00:00+00:00,31.237,26.536999,76.163284,Rainy
2023-08-04 09:00:00+00:00,28.837,26.237,85.887856,Rainy
2023-08-04 10:00:00+00:00,29.786999,26.536999,82.75492,Cloudy
2023-08-04 11:00:00+00:00,30.187,26.286999,79.69031,Cloudy
2023-08-04 12:00:00+00:00,27.237,25.437,89.91921,Cloudy
2023-08-04 13:00:00+00:00,27.036999,25.237,89.905045,Rainy
2023-08-04 14:00:00+00:00,26.937,25.387,91.24527,Cloudy
2023-08-04 15:00:00+00:00,26.786999,25.536999,92.877754,Cloudy
2023-08-04 16:00:00+00:00,26.637,25.587,93.98011,Cloudy
2023-08-04 17:00:00+00:00,26.587,25.637,94.53742,Cloudy
2023-08-04 18:00:00+00:00,26.337,25.536999,95.373795,Cloudy
2023-08-04 19:00:00+00:00,25.337,24.987,97.93732,Rainy
2023-08-04 20:00:00+00:00,25.587,25.187,97.65003,Rainy
2023-08-04 21:00:00+00:00,25.487,25.137,97.939575,Rainy
2023-08-04 22:00:00+00:00,25.487,25.087,97.64831,Rainy
2023-08-04 23:00:00+00:00,25.387,24.987,97.64658,Cloudy
2023-08-05 00:00:00+00:00,25.837,25.437,97.65435,Cloudy
2023-08-05 01:00:00+00:00,25.786999,25.137,96.21151,Rainy
2023-08-05 02:00:00+00:00,27.036999,25.536999,91.52288,Rainy
2023-08-05 03:00:00+00:00,28.987,26.337,85.6492,Rainy
2023-08-05 04:00:00+00:00,30.387,26.737,80.89974,Rainy
2023-08-05 05:00:00+00:00,31.536999,26.387,74.215225,Rainy
2023-08-05 06:00:00+00:00,32.086998,26.036999,70.46402,Cloudy
2023-08-05 07:00:00+00:00,31.587,25.987,72.27584,Rainy
2023-08-05 08:00:00+00:00,31.937,26.036999,71.065,Rainy
2023-08-05 09:00:00+00:00,32.487,26.487,70.744736,Rainy
2023-08-05 10:00:00+00:00,29.937,26.187,80.36661,Rainy
2023-08-05 11:00:00+00:00,28.237,25.987,87.628586,Rainy
2023-08-05 12:00:00+00:00,27.687,25.587,88.36512,Rainy
2023-08-05 13:00:00+00:00,27.087,25.637,91.797874,Rainy
2023-08-05 14:00:00+00:00,26.837,25.286999,91.23904,Rainy
2023-08-05 15:00:00+00:00,26.837,25.437,92.05647,Rainy
2023-08-05 16:00:00+00:00,26.937,25.637,92.61025,Sunny
2023-08-05 17:00:00+00:00,26.837,25.786999,93.98873,Cloudy
2023-08-05 18:00:00+00:00,26.487,25.837,96.2308,Cloudy
2023-08-05 19:00:00+00:00,26.487,25.786999,95.94606,Rainy
2023-08-05 20:00:00+00:00,26.387,25.587,95.37553,Rainy
2023-08-05 21:00:00+00:00,26.137,25.737,97.65954,Rainy
2023-08-05 22:00:00+00:00,25.987,25.536999,97.36745,Rainy
2023-08-05 23:00:00+00:00,25.637,25.387,98.52609,Cloudy
2023-08-06 00:00:00+00:00,26.487,26.036999,97.377075,Cloudy
2023-08-06 01:00:00+00:00,27.286999,25.987,92.628716,Rainy
2023-08-06 02:00:00+00:00,28.087,26.536999,91.316246,Rainy
2023-08-06 03:00:00+00:00,29.687,26.687,83.97146,Rainy
2023-08-06 04:00:00+00:00,29.937,26.387,81.321396,Rainy
2023-08-06 05:00:00+00:00,29.837,26.387,81.7904,Rainy
2023-08-06 06:00:00+00:00,30.837,26.587,78.15048,Rainy
2023-08-06 07:00:00+00:00,31.837,26.737,74.4829,Rainy
2023-08-06 08:00:00+00:00,28.587,26.036999,86.11809,Rainy
2023-08-06 09:00:00+00:00,27.187,25.937,92.8981,Rainy
2023-08-06 10:00:00+00:00,29.187,26.737,86.683945,Rainy
2023-08-06 11:00:00+00:00,29.387,26.437,84.186966,Rainy
2023-08-06 12:00:00+00:00,27.987,25.887,88.38939,Cloudy
2023-08-06 13:00:00+00:00,27.487,26.437,94.01676,Cloudy
2023-08-06 14:00:00+00:00,27.187,26.337,95.12113,Cloudy
2023-08-06 15:00:00+00:00,27.237,26.387,95.122856,Rainy
2023-08-06 16:00:00+00:00,26.987,26.487,97.10003,Rainy
2023-08-06 17:00:00+00:00,26.536999,26.286999,98.53585,Cloudy
2023-08-06 18:00:00+00:00,26.337,25.786999,96.79894,Cloudy
2023-08-06 19:00:00+00:00,26.036999,25.786999,98.53044,Cloudy
2023-08-06 20:00:00+00:00,25.937,25.737,98.82197,Cloudy
2023-08-06 21:00:00+00:00,25.786999,25.687,99.40881,Cloudy
2023-08-06 22:00:00+00:00,25.837,25.737,99.40902,Cloudy
2023-08-06 23:00:00+00:00,25.937,25.637,98.237495,Cloudy
2023-08-07 00:00:00+00:00,26.036999,25.937,99.409904,Rainy
2023-08-07 01:00:00+00:00,26.887,26.286999,96.52642,Rainy
2023-08-07 02:00:00+00:00,27.137,26.387,95.68251,Rainy
2023-08-07 03:00:00+00:00,27.637,26.487,93.47066,Rainy
2023-08-07 04:00:00+00:00,28.137,26.587,91.31935,Rainy
2023-08-07 05:00:00+00:00,30.036999,26.837,83.02763,Rainy
2023-08-07 06:00:00+00:00,28.937,25.687,82.65633,Rainy
2023-08-07 07:00:00+00:00,29.137,26.087,83.66411,Rainy
2023-08-07 08:00:00+00:00,28.487,25.587,84.340256,Rainy
2023-08-07 09:00:00+00:00,28.337,25.987,87.12019,Rainy
2023-08-07 10:00:00+00:00,28.687,26.687,88.96824,Rainy
2023-08-07 11:00:00+00:00,27.987,26.487,91.579796,Rainy
2023-08-07 12:00:00+00:00,27.286999,25.937,92.35495,Rainy
2023-08-07 13:00:00+00:00,27.286999,26.237,94.00819,Rainy
2023-08-07 14:00:00+00:00,27.087,26.187,94.837,Rainy
2023-08-07 15:00:00+00:00,27.036999,26.286999,95.67939,Rainy
2023-08-07 16:00:00+00:00,26.587,25.837,95.66524,Rainy
2023-08-07 17:00:00+00:00,26.087,25.737,97.94869,Rainy
2023-08-07 18:00:00+00:00,25.987,25.637,97.94716,Rainy
2023-08-07 19:00:00+00:00,25.587,25.387,98.818886,Rainy
2023-08-07 20:00:00+00:00,25.487,25.286999,98.81801,Rainy
2023-08-07 21:00:00+00:00,25.286999,25.187,99.406624,Rainy
2023-08-07 22:00:00+00:00,25.337,24.887,97.35485,Rainy
2023-08-07 23:00:00+00:00,25.387,24.987,97.64658,Rainy
2023-08-08 00:00:00+00:00,25.987,25.337,96.21703,Rainy
2023-08-08 01:00:00+00:00,26.036999,25.237,95.36375,Rainy
2023-08-08 02:00:00+00:00,26.337,24.987,92.302925,Rainy
2023-08-08 03:00:00+00:00,26.237,25.487,95.654205,Rainy
2023-08-08 04:00:00+00:00,26.437,25.937,97.08835,Rainy
2023-08-08 05:00:00+00:00,26.687,25.987,95.95199,Rainy
2023-08-08 06:00:00+00:00,26.937,25.937,94.2718,Rainy
2023-08-08 07:00:00+00:00,27.987,25.786999,87.86721,Rainy
2023-08-08 08:00:00+00:00,27.637,25.637,88.887146,Rainy
2023-08-08 09:00:00+00:00,27.587,25.786999,89.94399,Rainy
2023-08-08 10:00:00+00:00,28.036999,25.687,87.0935,Rainy
2023-08-08 11:00:00+00:00,27.937,26.036999,89.43818,Rainy
2023-08-08 12:00:00+00:00,27.637,25.987,90.75011,Rainy
2023-08-08 13:00:00+00:00,26.987,25.937,93.99522,Rainy
2023-08-08 14:00:00+00:00,26.536999,25.637,94.81642,Rainy
2023-08-08 15:00:00+00:00,26.637,25.637,94.25939,Rainy
2023-08-08 16:00:00+00:00,26.887,25.487,92.05933,Rainy
2023-08-08 17:00:00+00:00,26.637,25.637,94.25939,Rainy
2023-08-08 18:00:00+00:00,26.337,25.587,95.65737,Rainy
2023-08-08 19:00:00+00:00,26.036999,25.536999,97.0798,Rainy
2023-08-08 20:00:00+00:00,25.937,25.536999,97.65607,Rainy
2023-08-08 21:00:00+00:00,25.987,25.536999,97.36745,Rainy
2023-08-08 22:00:00+00:00,25.937,25.487,97.3665,Rainy
2023-08-08 23:00:00+00:00,25.937,25.286999,96.21564,Rainy
2023-08-09 00:00:00+00:00,25.987,25.237,95.6463,Cloudy
2023-08-09 01:00:00+00:00,26.687,25.437,92.87265,Cloudy
2023-08-09 02:00:00+00:00,26.687,25.737,94.5414,Rainy
2023-08-09 03:00:00+00:00,27.687,25.786999,89.41967,Rainy
2023-08-09 04:00:00+00:00,27.187,25.786999,92.07625,Rainy
2023-08-09 05:00:00+00:00,27.286999,26.187,93.730865,Rainy
2023-08-09 06:00:00+00:00,27.837,25.737,88.377266,Rainy
2023-08-09 07:00:00+00:00,29.937,26.637,82.528854,Rainy
2023-08-09 08:00:00+00:00,30.286999,26.387,79.70365,Rainy
2023-08-09 09:00:00+00:00,30.036999,26.087,79.43512,Rainy
2023-08-09 10:00:00+00:00,27.637,25.637,88.887146,Rainy
2023-08-09 11:00:00+00:00,26.387,25.536999,95.09279,Rainy
2023-08-09 12:00:00+00:00,27.237,25.637,90.99352,Rainy
2023-08-09 13:00:00+00:00,26.536999,25.786999,95.66367,Cloudy
2023-08-09 14:00:00+00:00,26.437,25.687,95.66053,Rainy
2023-08-09 15:00:00+00:00,26.187,25.487,95.937225,Sunny
2023-08-09 16:00:00+00:00,25.837,25.237,96.49969,Cloudy
2023-08-09 17:00:00+00:00,25.637,25.087,96.78253,Cloudy
2023-08-09 18:00:00+00:00,25.387,24.987,97.64658,Cloudy
2023-08-09 19:00:00+00:00,25.437,25.036999,97.64744,Cloudy
2023-08-09 20:00:00+00:00,25.387,25.036999,97.93808,Cloudy
2023-08-09 21:00:00+00:00,25.587,25.137,97.35969,Rainy
2023-08-09 22:00:00+00:00,25.487,24.937,96.77898,Rainy
2023-08-09 23:00:00+00:00,25.437,24.887,96.777794,Rainy
2023-08-10 00:00:00+00:00,25.987,25.587,97.656944,Sunny
2023-08-10 01:00:00+00:00,27.036999,26.087,94.55518,Sunny
2023-08-10 02:00:00+00:00,28.036999,26.137,89.44559,Cloudy
2023-08-10 03:00:00+00:00,28.937,26.437,86.40588,Rainy
2023-08-10 04:00:00+00:00,30.036999,26.687,82.297966,Rainy
2023-08-10 05:00:00+00:00,30.637,26.786999,79.98522,Rainy
2023-08-10 06:00:00+00:00,31.437,26.987,77.32214,Rainy
2023-08-10 07:00:00+00:00,32.137,27.087,74.75031,Rainy
2023-08-10 08:00:00+00:00,32.437,26.887,72.63531,Rainy
2023-08-10 09:00:00+00:00,28.587,26.437,88.17732,Rainy
2023-08-10 10:00:00+00:00,27.487,25.786999,90.471794,Rainy
2023-08-10 11:00:00+00:00,28.437,26.437,88.94902,Rainy
2023-08-10 12:00:00+00:00,28.786999,26.036999,85.12464,Cloudy
2023-08-10 13:00:00+00:00,27.887,26.387,91.57382,Cloudy
2023-08-10 14:00:00+00:00,27.487,26.337,93.463615,Cloudy
2023-08-10 15:00:00+00:00,27.137,26.237,94.838875,Cloudy
2023-08-10 16:00:00+00:00,26.737,26.237,97.09473,Cloudy
2023-08-10 17:00:00+00:00,26.737,26.286999,97.381874,Cloudy
2023-08-10 18:00:00+00:00,26.536999,25.637,94.81642,Rainy
2023-08-10 19:00:00+00:00,26.237,25.337,94.805145,Rainy
2023-08-10 20:00:00+00:00,26.286999,25.587,95.9402,Rainy
2023-08-10 21:00:00+00:00,26.137,25.637,97.08194,Rainy
2023-08-10 22:00:00+00:00,26.036999,25.687,97.947945,Rainy
2023-08-10 23:00:00+00:00,25.987,25.637,97.94716,Rainy
2023-08-11 00:00:00+00:00,26.137,25.737,97.65954,Rainy
2023-08-11 01:00:00+00:00,26.687,25.887,95.38555,Rainy
2023-08-11 02:00:00+00:00,28.036999,25.737,87.35214,Rainy
2023-08-11 03:00:00+00:00,29.137,25.687,81.705246,Rainy
2023-08-11 04:00:00+00:00,29.487,25.937,81.26549,Rainy
2023-08-11 05:00:00+00:00,30.237,26.387,79.93251,Rainy
2023-08-11 06:00:00+00:00,31.187,26.487,76.15566,Rainy
2023-08-11 07:00:00+00:00,31.286999,26.587,76.17094,Rainy
2023-08-11 08:00:00+00:00,31.637,26.887,76.0005,Rainy
2023-08-11 09:00:00+00:00,31.587,26.887,76.21658,Rainy
2023-08-11 10:00:00+00:00,31.536999,26.837,76.209015,Rainy
2023-08-11 11:00:00+00:00,30.837,26.237,76.553246,Rainy
2023-08-11 12:00:00+00:00,28.337,25.937,86.86271,Rainy
2023-08-11 13:00:00+00:00,28.487,25.937,86.10856,Rainy
2023-08-11 14:00:00+00:00,27.587,26.337,92.918365,Cloudy
2023-08-11 15:00:00+00:00,27.237,26.437,95.403885,Cloudy
2023-08-11 16:00:00+00:00,26.786999,26.237,96.809494,Cloudy
2023-08-11 17:00:00+00:00,26.937,26.337,96.5277,Rainy
2023-08-11 18:00:00+00:00,27.036999,26.087,94.55518,Rainy
2023-08-11 19:00:00+00:00,26.637,25.837,95.383896,Cloudy
2023-08-11 20:00:00+00:00,26.387,25.786999,96.51373,Cloudy
2023-08-11 21:00:00+00:00,26.237,25.637,96.50988,Cloudy
2023-08-11 22:00:00+00:00,26.187,25.587,96.50863,Cloudy
2023-08-11 23:00:00+00:00,26.137,25.687,97.37037,Rainy
2023-08-12 00:00:00+00:00,25.987,25.587,97.656944,Cloudy
2023-08-12 01:00:00+00:00,26.137,25.536999,96.50735,Rainy
2023-08-12 02:00:00+00:00,26.737,25.387,92.324875,Rainy
2023-08-12 03:00:00+00:00,27.687,26.036999,90.75334,Rainy
2023-08-12 04:00:00+00:00,27.437,25.887,91.27624,Rainy
2023-08-12 05:00:00+00:00,27.987,25.786999,87.86721,Rainy
2023-08-12 06:00:00+00:00,29.187,25.786999,81.953896,Cloudy
2023-08-12 07:00:00+00:00,29.987,25.887,78.72619,Rainy
2023-08-12 08:00:00+00:00,31.286999,26.087,73.95553,Rainy
2023-08-12 09:00:00+00:00,31.737,26.587,74.24775,Rainy
2023-08-12 10:00:00+00:00,31.286999,26.587,76.17094,Rainy
2023-08-12 11:00:00+00:00,29.937,26.786999,83.260826,Rainy
2023-08-12 12:00:00+00:00,28.837,26.286999,86.14186,Rainy
2023-08-12 13:00:00+00:00,28.036999,26.087,89.18154,Rainy
2023-08-12 14:00:00+00:00,27.587,26.036999,91.285484,Cloudy
2023-08-12 15:00:00+00:00,27.237,25.987,92.90063,Cloudy
2023-08-12 16:00:00+00:00,26.987,26.087,94.83325,Cloudy
2023-08-12 17:00:00+00:00,26.987,25.987,94.27384,Cloudy
2023-08-12 18:00:00+00:00,26.837,25.887,94.54729,Cloudy
2023-08-12 19:00:00+00:00,26.737,25.837,94.823906,Cloudy
2023-08-12 20:00:00+00:00,26.337,25.587,95.65737,Rainy
2023-08-12 21:00:00+00:00,26.237,25.587,96.22393,Rainy
2023-08-12 22:00:00+00:00,26.337,25.637,95.941635,Rainy
2023-08-12 23:00:00+00:00,26.437,25.587,95.09457,Rainy
2023-08-13 00:00:00+00:00,26.937,25.887,93.99307,Rainy
2023-08-13 01:00:00+00:00,26.887,25.587,92.60764,Rainy
2023-08-13 02:00:00+00:00,27.087,25.937,93.44484,Rainy
2023-08-13 03:00:00+00:00,27.387,26.187,93.18324,Rainy
2023-08-13 04:00:00+00:00,27.637,26.337,92.6471,Rainy
2023-08-13 05:00:00+00:00,27.837,26.487,92.384834,Rainy
2023-08-13 06:00:00+00:00,28.737,26.587,88.18962,Rainy
2023-08-13 07:00:00+00:00,29.437,26.937,86.452385,Rainy
2023-08-13 08:00:00+00:00,30.087,27.237,84.757324,Rainy
2023-08-13 09:00:00+00:00,28.637,26.536999,88.44175,Rainy
2023-08-13 10:00:00+00:00,28.587,26.286999,87.400116,Rainy
2023-08-13 11:00:00+00:00,28.737,26.437,87.41316,Rainy
2023-08-13 12:00:00+00:00,27.487,25.937,91.27932,Rainy
2023-08-13 13:00:00+00:00,27.036999,25.887,93.44251,Rainy
2023-08-13 14:00:00+00:00,26.437,25.786999,96.22943,Cloudy
2023-08-13 15:00:00+00:00,26.387,25.737,96.22809,Cloudy
2023-08-13 16:00:00+00:00,26.286999,25.637,96.22531,Cloudy
2023-08-13 17:00:00+00:00,26.087,25.536999,96.79309,Cloudy
2023-08-13 18:00:00+00:00,25.937,25.487,97.3665,Cloudy
2023-08-13 19:00:00+00:00,26.187,25.387,95.36876,Cloudy
2023-08-13 20:00:00+00:00,25.637,25.237,97.65092,Cloudy
2023-08-13 21:00:00+00:00,25.587,25.137,97.35969,Cloudy
2023-08-13 22:00:00+00:00,25.687,25.187,97.0723,Cloudy
2023-08-13 23:00:00+00:00,25.237,25.036999,98.81583,Cloudy
2023-08-14 00:00:00+00:00,26.036999,25.937,99.409904,Cloudy
2023-08-14 01:00:00+00:00,26.987,26.237,95.67782,Cloudy
2023-08-14 02:00:00+00:00,28.087,26.187,89.44927,Cloudy
2023-08-14 03:00:00+00:00,29.286999,26.087,82.941986,Cloudy
2023-08-14 04:00:00+00:00,30.587,26.036999,76.74225,Cloudy
2023-08-14 05:00:00+00:00,31.687,25.887,71.4424,Cloudy
2023-08-14 06:00:00+00:00,32.437,25.437,66.66921,Cloudy
2023-08-14 07:00:00+00:00,32.987,24.987,62.9268,Cloudy
2023-08-14 08:00:00+00:00,33.187,24.587,60.754986,Cloudy
2023-08-14 09:00:00+00:00,33.387,24.237,58.83104,Cloudy
2023-08-14 10:00:00+00:00,33.287,24.187,58.984737,Cloudy
2023-08-14 11:00:00+00:00,32.887,24.536999,61.603477,Cloudy
2023-08-14 12:00:00+00:00,31.137,26.237,75.2543,Cloudy
2023-08-14 13:00:00+00:00,29.437,26.286999,83.20448,Cloudy
2023-08-14 14:00:00+00:00,28.786999,26.087,85.37679,Cloudy
2023-08-14 15:00:00+00:00,28.536999,26.036999,86.3685,Cloudy
2023-08-14 16:00:00+00:00,28.137,25.887,87.620026,Cloudy
2023-08-14 17:00:00+00:00,27.687,25.737,89.15502,Cloudy
2023-08-14 18:00:00+00:00,27.036999,25.786999,92.89048,Cloudy
2023-08-14 19:00:00+00:00,26.737,25.737,94.26353,Cloudy
2023-08-14 20:00:00+00:00,26.687,25.637,93.98225,Sunny
2023-08-14 21:00:00+00:00,26.286999,25.637,96.22531,Cloudy
2023-08-14 22:00:00+00:00,26.237,25.687,96.796616,Sunny
2023-08-14 23:00:00+00:00,26.187,25.587,96.50863,Cloudy
2023-08-15 00:00:00+00:00,26.837,26.137,95.95638,Rainy
2023-08-15 01:00:00+00:00,28.087,27.087,94.31896,Sunny
2023-08-15 02:00:00+00:00,29.187,27.587,91.116585,Sunny
2023-08-15 03:00:00+00:00,30.387,27.737,85.78551,Sunny
2023-08-15 04:00:00+00:00,31.687,27.187,77.13209,Rainy
2023-08-15 05:00:00+00:00,32.586998,26.987,72.4478,Cloudy
2023-08-15 06:00:00+00:00,33.037,26.837,70.01554,Cloudy
2023-08-15 07:00:00+00:00,33.787,26.087,64.22853,Cloudy
2023-08-15 08:00:00+00:00,33.586998,26.437,66.3078,Cloudy
2023-08-15 09:00:00+00:00,33.787,26.286999,64.99217,Cloudy
2023-08-15 10:00:00+00:00,32.637,26.487,70.1488,Rainy
2023-08-15 11:00:00+00:00,30.687,26.786999,79.756836,Rainy
2023-08-15 12:00:00+00:00,30.837,27.237,81.19419,Cloudy
2023-08-15 13:00:00+00:00,29.837,27.237,85.98396,Cloudy
2023-08-15 14:00:00+00:00,29.237,27.036999,87.9718,Cloudy
2023-08-15 15:00:00+00:00,29.237,26.587,85.67368,Cloudy
2023-08-15 16:00:00+00:00,29.137,26.487,85.66391,Cloudy
2023-08-15 17:00:00+00:00,28.587,26.637,89.22298,Cloudy
2023-08-15 18:00:00+00:00,27.587,25.987,91.01581,Rainy
2023-08-15 19:00:00+00:00,26.187,25.387,95.36876,Rainy
2023-08-15 20:00:00+00:00,26.487,25.487,94.25317,Rainy
2023-08-15 21:00:00+00:00,26.337,25.637,95.941635,Cloudy
2023-08-15 22:00:00+00:00,26.587,25.937,96.23354,Cloudy
2023-08-15 23:00:00+00:00,26.587,25.837,95.66524,Rainy
2023-08-16 00:00:00+00:00,27.587,26.687,94.855576,Rainy
2023-08-16 01:00:00+00:00,28.337,27.337,94.32915,Cloudy
2023-08-16 02:00:00+00:00,29.337,27.536999,90.06658,Cloudy
2023-08-16 03:00:00+00:00,30.837,27.187,80.95641,Rainy
2023-08-16 04:00:00+00:00,31.587,27.487,78.94694,Rainy
2023-08-16 05:00:00+00:00,31.987,27.687,78.08421,Rainy
2023-08-16 06:00:00+00:00,32.687,27.786999,75.49669,Rainy
2023-08-16 07:00:00+00:00,32.787,27.687,74.63537,Rainy
2023-08-16 08:00:00+00:00,31.437,26.437,74.85874,Rainy
2023-08-16 09:00:00+00:00,31.637,26.637,74.89061,Rainy
2023-08-16 10:00:00+00:00,31.237,26.987,78.20711,Rainy
2023-08-16 11:00:00+00:00,31.237,26.987,78.20711,Cloudy
2023-08-16 12:00:00+00:00,29.437,26.437,83.94438,Cloudy
2023-08-16 13:00:00+00:00,28.887,26.587,87.426216,Cloudy
2023-08-16 14:00:00+00:00,28.786999,26.687,88.45378,Cloudy
2023-08-16 15:00:00+00:00,28.687,26.737,89.230515,Cloudy
2023-08-16 16:00:00+00:00,26.337,25.887,97.37421,Rainy
2023-08-16 17:00:00+00:00,26.286999,25.737,96.79781,Rainy
2023-08-16 18:00:00+00:00,25.937,25.286999,96.21564,Rainy
2023-08-16 19:00:00+00:00,25.487,24.937,96.77898,Rainy
2023-08-16 20:00:00+00:00,25.437,24.737,95.91495,Rainy
2023-08-16 21:00:00+00:00,25.437,24.837,96.48943,Rainy
2023-08-16 22:00:00+00:00,25.237,24.786999,97.35289,Rainy
2023-08-16 23:00:00+00:00,25.286999,24.837,97.35391,Cloudy
2023-08-17 00:00:00+00:00,26.337,25.786999,96.79894,Rainy
2023-08-17 01:00:00+00:00,27.087,25.987,93.72183,Rainy
2023-08-17 02:00:00+00:00,28.087,26.237,89.71392,Rainy
2023-08-17 03:00:00+00:00,29.637,26.487,83.2271,Cloudy
2023-08-17 04:00:00+00:00,30.987,26.437,76.80205,Rainy
2023-08-17 05:00:00+00:00,31.987,26.437,72.55852,Cloudy
2023-08-17 06:00:00+00:00,32.937,26.237,67.963615,Sunny
2023-08-17 07:00:00+00:00,33.637,26.487,66.31778,Sunny
2023-08-17 08:00:00+00:00,34.086998,26.536999,64.862236,Sunny
2023-08-17 09:00:00+00:00,33.987,26.587,65.41764,Sunny
2023-08-17 10:00:00+00:00,33.987,26.837,66.387505,Sunny
2023-08-17 11:00:00+00:00,33.687,26.786999,67.31147,Sunny
2023-08-17 12:00:00+00:00,32.637,27.687,75.26869,Rainy
2023-08-17 13:00:00+00:00,30.437,27.387,83.80653,Cloudy
2023-08-17 14:00:00+00:00,27.587,26.536999,94.02105,Rainy
2023-08-17 15:00:00+00:00,27.337,26.286999,94.01031,Rainy
2023-08-17 16:00:00+00:00,26.887,26.137,95.6747,Rainy
2023-08-17 17:00:00+00:00,26.687,25.837,95.10344,Rainy
2023-08-17 18:00:00+00:00,26.587,25.987,96.5188,Rainy
2023-08-17 19:00:00+00:00,26.487,26.087,97.66552,Rainy
2023-08-17 20:00:00+00:00,26.137,25.937,98.82371,Cloudy
2023-08-17 21:00:00+00:00,26.286999,25.937,97.951706,Cloudy
2023-08-17 22:00:00+00:00,26.237,25.637,96.50988,Cloudy
2023-08-17 23:00:00+00:00,26.187,25.536999,96.222534,Cloudy
2023-08-18 00:00:00+00:00,26.987,26.286999,95.96077,Rainy
2023-08-18 01:00:00+00:00,27.187,26.487,95.966675,Rainy
2023-08-18 02:00:00+00:00,27.187,25.937,92.8981,Rainy
2023-08-18 03:00:00+00:00,28.387,25.786999,85.84429,Rainy
2023-08-18 04:00:00+00:00,29.987,26.687,82.534706,Rainy
2023-08-18 05:00:00+00:00,31.036999,26.937,78.87143,Rainy
2023-08-18 06:00:00+00:00,31.937,27.237,76.26974,Rainy
2023-08-18 07:00:00+00:00,32.937,26.937,70.825424,Cloudy
2023-08-18 08:00:00+00:00,33.137,26.536999,68.40425,Cloudy
2023-08-18 09:00:00+00:00,33.086998,26.337,67.79215,Rainy
2023-08-18 10:00:00+00:00,32.787,26.137,68.13587,Rainy
2023-08-18 11:00:00+00:00,30.437,26.237,78.3247,Rainy
2023-08-18 12:00:00+00:00,29.987,27.237,85.2456,Rainy
2023-08-18 13:00:00+00:00,29.337,26.687,85.68344,Cloudy
2023-08-18 14:00:00+00:00,28.987,26.387,85.9023,Cloudy
2023-08-18 15:00:00+00:00,28.587,26.286999,87.400116,Cloudy
2023-08-18 16:00:00+00:00,28.437,26.137,87.38707,Cloudy
2023-08-18 17:00:00+00:00,28.237,25.837,86.853645,Rainy
2023-08-18 18:00:00+00:00,27.637,25.987,90.75011,Rainy
2023-08-18 19:00:00+00:00,27.286999,25.887,92.0819,Cloudy
2023-08-18 20:00:00+00:00,26.637,25.137,91.49875,Rainy
2023-08-18 21:00:00+00:00,26.387,25.036999,92.305695,Cloudy
2023-08-18 22:00:00+00:00,26.237,25.087,93.40472,Cloudy
2023-08-18 23:00:00+00:00,26.087,25.036999,93.95616,Cloudy
2023-08-19 00:00:00+00:00,27.137,25.737,92.07345,Cloudy
2023-08-19 01:00:00+00:00,27.937,26.237,90.50198,Cloudy
2023-08-19 02:00:00+00:00,29.337,26.437,84.4303,Rainy
2023-08-19 03:00:00+00:00,30.487,26.137,77.640564,Cloudy
2023-08-19 04:00:00+00:00,31.687,25.837,71.231094,Sunny
2023-08-19 05:00:00+00:00,32.687,25.237,64.95859,Sunny
2023-08-19 06:00:00+00:00,33.137,24.837,61.842705,Sunny
2023-08-19 07:00:00+00:00,33.637,24.737,59.77533,Rainy
2023-08-19 08:00:00+00:00,33.887,24.487,58.071056,Rainy
2023-08-19 09:00:00+00:00,33.787,24.437,58.221924,Rainy
2023-08-19 10:00:00+00:00,32.987,24.987,62.9268,Cloudy
2023-08-19 11:00:00+00:00,32.086998,25.837,69.63455,Cloudy
2023-08-19 12:00:00+00:00,31.286999,25.737,72.43847,Cloudy
2023-08-19 13:00:00+00:00,30.137,25.137,74.650314,Cloudy
2023-08-19 14:00:00+00:00,29.637,24.786999,75.24084,Cloudy
2023-08-19 15:00:00+00:00,29.286999,24.786999,76.77539,Cloudy
2023-08-19 16:00:00+00:00,28.687,25.237,81.650185,Cloudy
2023-08-19 17:00:00+00:00,28.286999,25.387,84.31898,Cloudy
2023-08-19 18:00:00+00:00,28.087,25.337,85.05342,Cloudy
2023-08-19 19:00:00+00:00,27.737,25.337,86.808205,Cloudy
2023-08-19 20:00:00+00:00,27.387,25.387,88.8677,Cloudy
2023-08-19 21:00:00+00:00,27.036999,25.286999,90.17291,Cloudy
2023-08-19 22:00:00+00:00,26.437,24.786999,90.67126,Cloudy
2023-08-19 23:00:00+00:00,26.337,24.437,89.318886,Cloudy
2023-08-20 00:00:00+00:00,26.737,25.437,92.59968,Rainy
2023-08-20 01:00:00+00:00,27.337,25.337,88.86381,Rainy
2023-08-20 02:00:00+00:00,27.887,25.437,86.56433,Rainy
2023-08-20 03:00:00+00:00,28.837,25.937,84.377426,Cloudy
2023-08-20 04:00:00+00:00,29.987,26.687,82.534706,Cloudy
2023-08-20 05:00:00+00:00,31.637,27.036999,76.673325,Cloudy
2023-08-20 06:00:00+00:00,32.237,26.687,72.60122,Rainy
2023-08-20 07:00:00+00:00,32.437,26.937,72.849106,Rainy
2023-08-20 08:00:00+00:00,32.437,26.987,73.06347,Rainy
2023-08-20 09:00:00+00:00,32.387,27.137,73.91814,Rainy
2023-08-20 10:00:00+00:00,32.336998,27.036999,73.69329,Cloudy
2023-08-20 11:00:00+00:00,31.937,26.937,74.93826,Cloudy
2023-08-20 12:00:00+00:00,29.937,26.687,82.772224,Rainy
2023-08-20 13:00:00+00:00,28.937,26.387,86.15135,Cloudy
2023-08-20 14:00:00+00:00,28.387,26.237,88.16093,Cloudy
2023-08-20 15:00:00+00:00,28.036999,26.036999,88.918144,Cloudy
2023-08-20 16:00:00+00:00,27.987,25.687,87.34775,Cloudy
2023-08-20 17:00:00+00:00,27.786999,25.737,88.63567,Cloudy
2023-08-20 18:00:00+00:00,27.737,25.937,89.9546,Cloudy
2023-08-20 19:00:00+00:00,27.637,25.937,90.481895,Cloudy
2023-08-20 20:00:00+00:00,27.337,25.937,92.0847,Rainy
2023-08-20 21:00:00+00:00,27.036999,25.437,90.9808,Rainy
2023-08-20 22:00:00+00:00,26.487,25.536999,94.53347,Rainy
2023-08-20 23:00:00+00:00,26.387,25.536999,95.09279,Rainy
2023-08-21 00:00:00+00:00,27.036999,25.887,93.44251,Cloudy
2023-08-21 01:00:00+00:00,27.237,25.637,90.99352,Cloudy
2023-08-21 02:00:00+00:00,27.737,25.837,89.42338,Rainy
2023-08-21 03:00:00+00:00,28.036999,25.737,87.35214,Rainy
2023-08-21 04:00:00+00:00,29.687,26.437,82.74335,Cloudy
2023-08-21 05:00:00+00:00,30.937,26.937,79.322624,Cloudy
2023-08-21 06:00:00+00:00,31.937,26.786999,74.28018,Cloudy
2023-08-21 07:00:00+00:00,32.237,26.837,73.24492,Cloudy
2023-08-21 08:00:00+00:00,31.987,26.437,72.55852,Rainy
2023-08-21 09:00:00+00:00,31.487,25.937,72.47284,Rainy
2023-08-21 10:00:00+00:00,31.387,26.937,77.31485,Cloudy
2023-08-21 11:00:00+00:00,31.337,27.036999,77.99189,Rainy
2023-08-21 12:00:00+00:00,29.637,26.887,85.21046,Cloudy
2023-08-21 13:00:00+00:00,28.737,26.737,88.97209,Cloudy
2023-08-21 14:00:00+00:00,28.437,26.587,89.73912,Cloudy
2023-08-21 15:00:00+00:00,28.387,26.337,88.68309,Cloudy
2023-08-21 16:00:00+00:00,28.137,26.286999,89.71752,Cloudy
2023-08-21 17:00:00+00:00,27.786999,26.286999,91.56785,Cloudy
2023-08-21 18:00:00+00:00,27.637,26.237,92.1016,Cloudy
2023-08-21 19:00:00+00:00,27.337,26.087,92.90571,Cloudy
2023-08-21 20:00:00+00:00,27.087,25.937,93.44484,Rainy
2023-08-21 21:00:00+00:00,26.837,25.786999,93.98873,Rainy
2023-08-21 22:00:00+00:00,26.187,25.536999,96.222534,Rainy
2023-08-21 23:00:00+00:00,25.487,24.937,96.77898,Rainy
2023-08-22 00:00:00+00:00,26.387,25.887,97.087296,Rainy
2023-08-22 01:00:00+00:00,27.237,26.536999,95.9681,Rainy
2023-08-22 02:00:00+00:00,27.536999,26.087,91.8241,Rainy
2023-08-22 03:00:00+00:00,27.536999,26.237,92.64185,Rainy
2023-08-22 04:00:00+00:00,28.437,26.137,87.38707,Rainy
2023-08-22 05:00:00+00:00,29.137,26.286999,84.65883,Rainy
2023-08-22 06:00:00+00:00,29.387,26.437,84.186966,Rainy
2023-08-22 07:00:00+00:00,29.587,26.887,85.4563,Rainy
2023-08-22 08:00:00+00:00,29.237,27.036999,87.9718,Rainy
2023-08-22 09:00:00+00:00,29.337,27.237,88.49776,Rainy
2023-08-22 10:00:00+00:00,29.737,27.637,88.52955,Rainy
2023-08-22 11:00:00+00:00,29.737,27.237,86.48021,Rainy
2023-08-22 12:00:00+00:00,29.437,26.437,83.94438,Rainy
2023-08-22 13:00:00+00:00,28.036999,26.286999,90.24186,Cloudy
2023-08-22 14:00:00+00:00,26.987,25.536999,91.79204,Cloudy
2023-08-22 15:00:00+00:00,26.587,25.137,91.76863,Cloudy
2023-08-22 16:00:00+00:00,26.437,25.337,93.692444,Cloudy
2023-08-22 17:00:00+00:00,26.437,25.687,95.66053,Cloudy
2023-08-22 18:00:00+00:00,26.237,25.536999,95.93868,Rainy
2023-08-22 19:00:00+00:00,26.036999,25.337,95.93279,Cloudy
2023-08-22 20:00:00+00:00,25.737,25.137,96.49711,Rainy
2023-08-22 21:00:00+00:00,25.737,25.087,96.21013,Rainy
2023-08-22 22:00:00+00:00,25.637,24.937,95.920906,Cloudy
2023-08-22 23:00:00+00:00,25.487,24.737,95.63042,Cloudy
2023-08-23 00:00:00+00:00,25.387,24.687,95.91345,Rainy
2023-08-23 01:00:00+00:00,25.387,24.887,97.06585,Rainy
2023-08-23 02:00:00+00:00,25.437,24.937,97.066925,Rainy
2023-08-23 03:00:00+00:00,25.437,24.987,97.35681,Rainy
2023-08-23 04:00:00+00:00,25.937,25.087,95.07674,Rainy
2023-08-23 05:00:00+00:00,26.987,25.237,90.16945,Rainy
2023-08-23 06:00:00+00:00,26.687,25.087,90.9584,Rainy
2023-08-23 07:00:00+00:00,28.387,25.437,84.07947,Rainy
2023-08-23 08:00:00+00:00,29.036999,25.737,82.4233,Rainy
2023-08-23 09:00:00+00:00,28.187,25.587,85.82488,Rainy
2023-08-23 10:00:00+00:00,29.036999,26.036999,83.90094,Rainy
2023-08-23 11:00:00+00:00,28.637,25.887,85.109436,Cloudy
2023-08-23 12:00:00+00:00,28.387,25.737,85.590225,Cloudy
2023-08-23 13:00:00+00:00,27.587,25.987,91.01581,Cloudy
2023-08-23 14:00:00+00:00,26.987,25.937,93.99522,Cloudy
2023-08-23 15:00:00+00:00,25.987,25.387,96.50351,Rainy
2023-08-23 16:00:00+00:00,25.937,25.387,96.789566,Rainy
2023-08-23 17:00:00+00:00,25.536999,25.137,97.64916,Rainy
2023-08-23 18:00:00+00:00,25.237,24.887,97.935776,Rainy
2023-08-23 19:00:00+00:00,24.837,24.487,97.92968,Rainy
2023-08-23 20:00:00+00:00,24.687,24.337,97.92739,Rainy
2023-08-23 21:00:00+00:00,24.536999,24.237,98.21919,Rainy
2023-08-23 22:00:00+00:00,24.437,24.137,98.21785,Rainy
2023-08-23 23:00:00+00:00,24.337,24.187,99.104744,Rainy
2023-08-24 00:00:00+00:00,25.087,24.687,97.64136,Rainy
2023-08-24 01:00:00+00:00,25.286999,24.637,96.19763,Rainy
2023-08-24 02:00:00+00:00,25.637,24.687,94.49978,Rainy
2023-08-24 03:00:00+00:00,26.137,24.737,92.016716,Rainy
2023-08-24 04:00:00+00:00,26.987,24.786999,87.78256,Rainy
2023-08-24 05:00:00+00:00,28.036999,25.286999,85.04832,Rainy
2023-08-24 06:00:00+00:00,28.437,25.687,85.0891,Rainy
2023-08-24 07:00:00+00:00,29.737,25.987,80.34066,Rainy
2023-08-24 08:00:00+00:00,30.087,25.687,77.352806,Rainy
2023-08-24 09:00:00+00:00,30.837,25.786999,74.54163,Cloudy
2023-08-24 10:00:00+00:00,30.687,25.837,75.40638,Rainy
2023-08-24 11:00:00+00:00,28.887,25.587,82.40561,Rainy
2023-08-24 12:00:00+00:00,26.087,24.987,93.67652,Rainy
2023-08-24 13:00:00+00:00,25.786999,25.286999,97.07444,Rainy
2023-08-24 14:00:00+00:00,25.786999,25.487,98.23558,Rainy
2023-08-24 15:00:00+00:00,25.786999,25.286999,97.07444,Rainy
2023-08-24 16:00:00+00:00,25.687,25.237,97.361664,Rainy
2023-08-24 17:00:00+00:00,25.536999,25.137,97.64916,Rainy
2023-08-24 18:00:00+00:00,25.286999,24.887,97.64485,Rainy
2023-08-24 19:00:00+00:00,25.137,24.687,97.35097,Rainy
2023-08-24 20:00:00+00:00,24.837,24.536999,98.223114,Rainy
2023-08-24 21:00:00+00:00,24.937,24.786999,99.108734,Rainy
2023-08-24 22:00:00+00:00,25.087,24.887,98.81451,Rainy
2023-08-24 23:00:00+00:00,25.187,24.837,97.93504,Rainy
2023-08-25 00:00:00+00:00,25.437,24.987,97.35681,Rainy
2023-08-25 01:00:00+00:00,25.637,25.187,97.3607,Rainy
2023-08-25 02:00:00+00:00,25.837,25.387,97.36455,Rainy
2023-08-25 03:00:00+00:00,26.437,24.887,91.214134,Rainy
2023-08-25 04:00:00+00:00,26.137,25.387,95.65105,Rainy
2023-08-25 05:00:00+00:00,26.487,25.737,95.662094,Rainy
2023-08-25 06:00:00+00:00,27.137,25.737,92.07345,Rainy
2023-08-25 07:00:00+00:00,27.087,25.637,91.797874,Rainy
2023-08-25 08:00:00+00:00,26.937,25.237,90.43477,Rainy
2023-08-25 09:00:00+00:00,26.937,25.337,90.9744,Rainy
2023-08-25 10:00:00+00:00,27.286999,25.587,90.458374,Cloudy
2023-08-25 11:00:00+00:00,27.786999,25.487,87.33023,Cloudy
2023-08-25 12:00:00+00:00,26.687,25.286999,92.047966,Cloudy
2023-08-25 13:00:00+00:00,26.237,25.536999,95.93868,Rainy
2023-08-25 14:00:00+00:00,25.937,25.487,97.3665,Cloudy
2023-08-25 15:00:00+00:00,25.637,25.237,97.65092,Cloudy
2023-08-25 16:00:00+00:00,25.737,25.286999,97.3626,Cloudy
2023-08-25 17:00:00+00:00,25.437,25.137,98.23098,Cloudy
2023-08-25 18:00:00+00:00,25.137,24.987,99.11008,Cloudy
2023-08-25 19:00:00+00:00,25.187,24.987,98.81541,Cloudy
2023-08-25 20:00:00+00:00,24.987,24.887,99.40526,Cloudy
2023-08-25 21:00:00+00:00,24.786999,24.737,99.70182,Cloudy
2023-08-25 22:00:00+00:00,24.837,24.786999,99.701904,Cloudy
2023-08-25 23:00:00+00:00,24.786999,24.687,99.404396,Rainy
2023-08-26 00:00:00+00:00,25.587,24.987,96.49327,Rainy
2023-08-26 01:00:00+00:00,25.837,25.137,95.92683,Rainy
2023-08-26 02:00:00+00:00,25.887,25.187,95.92834,Rainy
2023-08-26 03:00:00+00:00,25.887,25.286999,96.50095,Rainy
2023-08-26 04:00:00+00:00,25.987,25.337,96.21703,Rainy
2023-08-26 05:00:00+00:00,26.536999,25.187,92.313934,Rainy
2023-08-26 06:00:00+00:00,27.687,25.237,86.545784,Rainy
2023-08-26 07:00:00+00:00,28.737,25.637,83.37219,Rainy
2023-08-26 08:00:00+00:00,28.887,25.987,84.38274,Rainy
2023-08-26 09:00:00+00:00,29.536999,25.786999,80.31467,Rainy
2023-08-26 10:00:00+00:00,28.487,25.587,84.340256,Rainy
2023-08-26 11:00:00+00:00,28.387,25.786999,85.84429,Rainy
2023-08-26 12:00:00+00:00,27.987,25.737,87.607155,Cloudy
2023-08-26 13:00:00+00:00,26.637,25.937,95.95052,Rainy
2023-08-26 14:00:00+00:00,26.687,25.687,94.26147,Rainy
2023-08-26 15:00:00+00:00,26.337,25.637,95.941635,Rainy
2023-08-26 16:00:00+00:00,26.036999,25.187,95.08032,Rainy
2023-08-26 17:00:00+00:00,25.786999,24.837,94.50577,Rainy
2023-08-26 18:00:00+00:00,25.536999,24.737,95.34685,Rainy
2023-08-26 19:00:00+00:00,25.536999,24.887,96.20458,Rainy
2023-08-26 20:00:00+00:00,25.237,24.737,97.06261,Rainy
2023-08-26 21:00:00+00:00,25.036999,24.687,97.93275,Rainy
2023-08-26 22:00:00+00:00,25.087,24.786999,98.226395,Rainy
2023-08-26 23:00:00+00:00,25.237,24.786999,97.35289,Rainy
2023-08-27 00:00:00+00:00,26.237,25.237,94.24279,Cloudy
2023-08-27 01:00:00+00:00,25.786999,24.937,95.07139,Rainy
2023-08-27 02:00:00+00:00,25.536999,24.737,95.34685,Rainy
2023-08-27 03:00:00+00:00,25.687,24.637,93.938675,Rainy
2023-08-27 04:00:00+00:00,26.786999,24.937,89.619606,Rainy
2023-08-27 05:00:00+00:00,29.237,25.786999,81.71743,Rainy
2023-08-27 06:00:00+00:00,30.786999,26.387,77.45513,Cloudy
2023-08-27 07:00:00+00:00,31.837,26.536999,73.61062,Cloudy
2023-08-27 08:00:00+00:00,32.237,26.587,72.174866,Cloudy
2023-08-27 09:00:00+00:00,29.786999,25.286999,76.85034,Rainy
2023-08-27 10:00:00+00:00,28.536999,24.687,79.70639,Rainy
2023-08-27 11:00:00+00:00,27.137,24.987,88.05753,Rainy
2023-08-27 12:00:00+00:00,29.137,26.036999,83.417015,Rainy
2023-08-27 13:00:00+00:00,27.987,24.987,83.78605,Cloudy
2023-08-27 14:00:00+00:00,27.587,25.087,86.27911,Cloudy
2023-08-27 15:00:00+00:00,27.737,25.387,87.066666,Cloudy
2023-08-27 16:00:00+00:00,27.187,25.237,89.11698,Rainy
2023-08-27 17:00:00+00:00,26.687,24.587,88.28364,Rainy
2023-08-27 18:00:00+00:00,26.437,24.786999,90.67126,Cloudy
2023-08-27 19:00:00+00:00,26.087,24.737,92.28916,Cloudy
2023-08-27 20:00:00+00:00,25.737,24.637,93.66052,Cloudy
2023-08-27 21:00:00+00:00,25.637,24.637,94.21776,Cloudy
2023-08-27 22:00:00+00:00,25.087,24.437,96.19205,Cloudy
2023-08-27 23:00:00+00:00,24.887,24.437,97.34608,Cloudy
2023-08-28 00:00:00+00:00,26.387,25.437,94.529564,Cloudy
2023-08-28 01:00:00+00:00,27.687,25.887,89.95107,Cloudy
2023-08-28 02:00:00+00:00,29.137,25.887,82.6796,Cloudy
2023-08-28 03:00:00+00:00,30.286999,25.286999,74.67448,Rainy
2023-08-28 04:00:00+00:00,31.087,25.137,70.70191,Sunny
2023-08-28 05:00:00+00:00,31.937,25.137,67.36793,Cloudy
2023-08-28 06:00:00+00:00,32.237,24.987,65.64446,Cloudy
2023-08-28 07:00:00+00:00,32.887,25.137,63.849907,Cloudy
2023-08-28 08:00:00+00:00,33.137,25.286999,63.523598,Cloudy
2023-08-28 09:00:00+00:00,33.086998,25.187,63.32428,Cloudy
2023-08-28 10:00:00+00:00,32.586998,24.887,63.97731,Cloudy
2023-08-28 11:00:00+00:00,32.287,25.286999,66.63938,Cloudy
2023-08-28 12:00:00+00:00,30.737,25.187,72.34361,Cloudy
2023-08-28 13:00:00+00:00,29.536999,24.937,76.35626,Sunny
2023-08-28 14:00:00+00:00,29.036999,24.637,77.19809,Cloudy
2023-08-28 15:00:00+00:00,28.536999,24.187,77.3556,Cloudy
2023-08-28 16:00:00+00:00,27.137,24.387,84.95598,Cloudy
2023-08-28 17:00:00+00:00,26.587,24.536999,88.53994,Rainy
2023-08-28 18:00:00+00:00,25.837,24.587,92.82907,Cloudy
2023-08-28 19:00:00+00:00,25.036999,23.887,93.34743,Cloudy
2023-08-28 20:00:00+00:00,24.437,23.437,94.16722,Sunny
2023-08-28 21:00:00+00:00,24.437,23.036999,91.91887,Cloudy
2023-08-28 22:00:00+00:00,24.387,23.286999,93.59834,Rainy
2023-08-28 23:00:00+00:00,24.286999,23.637,96.16965,Cloudy
2023-08-29 00:00:00+00:00,24.637,24.237,97.63354,Sunny
2023-08-29 01:00:00+00:00,26.387,24.786999,90.93914,Sunny
2023-08-29 02:00:00+00:00,27.937,25.187,85.03811,Sunny
2023-08-29 03:00:00+00:00,29.237,25.887,82.203064,Sunny
2023-08-29 04:00:00+00:00,30.337,26.286999,79.00773,Sunny
2023-08-29 05:00:00+00:00,31.187,26.387,75.70774,Rainy
2023-08-29 06:00:00+00:00,31.637,26.637,74.89061,Rainy
2023-08-29 07:00:00+00:00,31.887,26.837,74.71038,Rainy
2023-08-29 08:00:00+00:00,32.287,26.737,72.60978,Rainy
2023-08-29 09:00:00+00:00,32.237,25.387,67.226585,Rainy
2023-08-29 10:00:00+00:00,31.987,25.137,67.177414,Sunny
2023-08-29 11:00:00+00:00,31.737,25.587,69.98393,Sunny
2023-08-29 12:00:00+00:00,27.587,24.837,85.00226,Sunny
2023-08-29 13:00:00+00:00,27.087,25.737,92.34403,Sunny
2023-08-29 14:00:00+00:00,27.887,24.837,83.52544,Sunny
2023-08-29 15:00:00+00:00,27.337,24.987,87.03083,Sunny
2023-08-29 16:00:00+00:00,26.437,25.137,92.58378,Sunny
2023-08-29 17:00:00+00:00,26.087,25.237,95.0821,Sunny
2023-08-29 18:00:00+00:00,25.786999,25.087,95.925385,Sunny
2023-08-29 19:00:00+00:00,26.737,25.087,90.691055,Sunny
2023-08-29 20:00:00+00:00,25.536999,24.837,95.91794,Sunny
2023-08-29 21:00:00+00:00,25.237,24.737,97.06261,Sunny
2023-08-29 22:00:00+00:00,24.937,24.536999,97.63874,Sunny
2023-08-29 23:00:00+00:00,24.987,24.587,97.63962,Sunny
2023-08-30 00:00:00+00:00,25.887,25.737,99.11501,Sunny
2023-08-30 01:00:00+00:00,27.687,26.737,94.58061,Sunny
2023-08-30 02:00:00+00:00,28.987,26.536999,86.66561,Sunny
2023-08-30 03:00:00+00:00,30.036999,26.286999,80.379555,Rainy
2023-08-30 04:00:00+00:00,31.137,26.237,75.2543,Rainy
2023-08-30 05:00:00+00:00,31.587,26.437,74.22336,Rainy
2023-08-30 06:00:00+00:00,32.187,26.786999,73.23653,Sunny
2023-08-30 07:00:00+00:00,32.637,26.987,72.24386,Sunny
2023-08-30 08:00:00+00:00,33.037,26.786999,69.8099,Sunny
2023-08-30 09:00:00+00:00,33.336998,26.337,66.847496,Sunny
2023-08-30 10:00:00+00:00,33.187,25.437,63.913044,Sunny
2023-08-30 11:00:00+00:00,31.987,25.387,68.18425,Sunny
2023-08-30 12:00:00+00:00,31.087,27.137,79.576065,Sunny
2023-08-30 13:00:00+00:00,29.487,26.837,85.6981,Sunny
2023-08-30 14:00:00+00:00,29.587,26.337,82.731804,Sunny
2023-08-30 15:00:00+00:00,29.137,26.237,84.4092,Sunny
2023-08-30 16:00:00+00:00,28.187,26.286999,89.45664,Sunny
2023-08-30 17:00:00+00:00,27.786999,26.286999,91.56785,Sunny
2023-08-30 18:00:00+00:00,27.387,26.137,92.90824,Sunny
2023-08-30 19:00:00+00:00,27.087,26.036999,93.99953,Sunny
2023-08-30 20:00:00+00:00,26.937,25.987,94.55124,Sunny
2023-08-30 21:00:00+00:00,26.536999,25.887,96.232185,Sunny
2023-08-30 22:00:00+00:00,26.137,25.687,97.37037,Sunny
2023-08-30 23:00:00+00:00,26.286999,25.687,96.51119,Sunny
2023-08-31 00:00:00+00:00,26.837,26.087,95.67311,Sunny
2023-08-31 01:00:00+00:00,28.536999,26.786999,90.27606,Sunny
2023-08-31 02:00:00+00:00,30.036999,27.337,85.5008,Sunny
2023-08-31 03:00:00+00:00,31.337,27.437,79.84289,Sunny
2023-08-31 04:00:00+00:00,31.937,27.387,76.94317,Sunny
2023-08-31 05:00:00+00:00,32.037,27.237,75.839066,Rainy
2023-08-31 06:00:00+00:00,32.987,26.687,69.59555,Sunny
2023-08-31 07:00:00+00:00,33.487,26.286999,66.09241,Sunny
2023-08-31 08:00:00+00:00,33.937,25.987,63.316814,Sunny
2023-08-31 09:00:00+00:00,34.137,25.887,62.244534,Sunny
2023-08-31 10:00:00+00:00,33.687,26.387,65.74355,Sunny
2023-08-31 11:00:00+00:00,32.187,26.687,72.80675,Rainy
2023-08-31 12:00:00+00:00,31.687,26.887,75.78507,Sunny
2023-08-31 13:00:00+00:00,29.987,26.887,83.51161,Sunny
2023-08-31 14:00:00+00:00,29.536999,26.286999,82.726006,Sunny
2023-08-31 15:00:00+00:00,28.987,25.937,83.64753,Sunny
2023-08-31 16:00:00+00:00,28.437,25.837,85.84915,Sunny
2023-08-31 17:00:00+00:00,27.937,25.887,88.64754,Sunny
2023-08-31 18:00:00+00:00,27.637,25.937,90.481895,Sunny
2023-08-31 19:00:00+00:00,27.387,25.937,91.81537,Sunny
2023-08-31 20:00:00+00:00,26.987,25.937,93.99522,Sunny
2023-08-31 21:00:00+00:00,26.687,25.937,95.6684,Sunny
2023-08-31 22:00:00+00:00,26.587,25.887,95.94902,Sunny
2023-08-31 23:00:00+00:00,26.337,25.786999,96.79894,Sunny
2023-09-01 00:00:00+00:00,27.437,25.987,91.81827,Sunny
2023-09-01 01:00:00+00:00,28.587,26.487,88.437744,Sunny
2023-09-01 02:00:00+00:00,30.036999,26.737,82.54057,Sunny
2023-09-01 03:00:00+00:00,31.237,26.937,77.97766,Sunny
2023-09-01 04:00:00+00:00,32.037,26.837,74.07832,Sunny
2023-09-01 05:00:00+00:00,32.787,26.987,71.63598,Sunny
2023-09-01 06:00:00+00:00,33.237,27.137,70.46449,Rainy
2023-09-01 07:00:00+00:00,33.487,27.337,70.30337,Cloudy
2023-09-01 08:00:00+00:00,33.037,27.137,71.260445,Rainy
2023-09-01 09:00:00+00:00,31.837,26.487,73.39397,Rainy
2023-09-01 10:00:00+00:00,29.587,26.137,81.760056,Rainy
2023-09-01 11:00:00+00:00,30.487,26.887,81.150566,Cloudy
2023-09-01 12:00:00+00:00,30.237,27.237,84.030815,Sunny
2023-09-01 13:00:00+00:00,29.036999,27.337,90.57514,Sunny
2023-09-01 14:00:00+00:00,28.637,27.087,91.349945,Sunny
2023-09-01 15:00:00+00:00,28.286999,26.937,92.40915,Sunny
2023-09-01 16:00:00+00:00,28.337,26.637,90.52865,Sunny
2023-09-01 17:00:00+00:00,27.987,26.637,92.39293,Sunny
2023-09-01 18:00:00+00:00,28.237,26.536999,90.52198,Sunny
2023-09-01 19:00:00+00:00,28.337,26.536999,89.996796,Sunny
2023-09-01 20:00:00+00:00,27.286999,26.536999,95.68721,Sunny
2023-09-01 21:00:00+00:00,27.137,26.536999,96.53273,Sunny
2023-09-01 22:00:00+00:00,27.137,26.587,96.81762,Sunny
2023-09-01 23:00:00+00:00,26.637,26.387,98.53693,Sunny
2023-09-02 00:00:00+00:00,26.487,25.286999,93.1391,Rainy
2023-09-02 01:00:00+00:00,26.987,25.637,92.33855,Rainy
2023-09-02 02:00:00+00:00,27.536999,25.937,91.01265,Rainy
2023-09-02 03:00:00+00:00,28.337,26.137,87.89663,Cloudy
2023-09-02 04:00:00+00:00,29.987,26.786999,83.021904,Cloudy
2023-09-02 05:00:00+00:00,31.187,27.036999,78.66077,Rainy
2023-09-02 06:00:00+00:00,31.737,27.487,78.27757,Rainy
2023-09-02 07:00:00+00:00,31.687,27.737,79.65601,Rainy
2023-09-02 08:00:00+00:00,31.237,27.837,82.1987,Rainy
2023-09-02 09:00:00+00:00,30.587,27.286999,82.60455,Rainy
2023-09-02 10:00:00+00:00,30.337,26.887,81.85088,Rainy
2023-09-02 11:00:00+00:00,30.437,26.786999,80.90601,Cloudy
2023-09-02 12:00:00+00:00,29.737,27.137,85.97437,Cloudy
2023-09-02 13:00:00+00:00,28.937,27.286999,90.83437,Cloudy
2023-09-02 14:00:00+00:00,28.387,27.337,94.05528,Cloudy
2023-09-02 15:00:00+00:00,28.187,27.286999,94.87776,Cloudy
2023-09-02 16:00:00+00:00,27.687,27.286999,97.68595,Cloudy
2023-09-02 17:00:00+00:00,27.487,27.087,97.68257,Rainy
2023-09-02 18:00:00+00:00,26.837,26.637,98.82974,Rainy
2023-09-02 19:00:00+00:00,26.587,26.237,97.95621,Rainy
2023-09-02 20:00:00+00:00,26.286999,25.687,96.51119,Rainy
2023-09-02 21:00:00+00:00,25.937,25.536999,97.65607,Cloudy
2023-09-02 22:00:00+00:00,25.737,25.286999,97.3626,Cloudy
2023-09-02 23:00:00+00:00,25.587,25.237,97.94111,Cloudy
2023-09-03 00:00:00+00:00,27.536999,27.237,98.25815,Cloudy
2023-09-03 01:00:00+00:00,27.536999,26.286999,92.91583,Cloudy
2023-09-03 02:00:00+00:00,27.487,26.137,92.36582,Cloudy
2023-09-03 03:00:00+00:00,28.237,25.937,87.3696,Cloudy
2023-09-03 04:00:00+00:00,29.887,26.387,81.555534,Cloudy
2023-09-03 05:00:00+00:00,30.687,26.536999,78.59123,Cloudy
2023-09-03 06:00:00+00:00,32.237,26.487,71.75069,Cloudy
2023-09-03 07:00:00+00:00,33.086998,26.387,67.992485,Cloudy
2023-09-03 08:00:00+00:00,33.687,26.087,64.58868,Cloudy
2023-09-03 09:00:00+00:00,33.836998,26.187,64.42909,Sunny
2023-09-03 10:00:00+00:00,33.237,26.337,67.22355,Cloudy
2023-09-03 11:00:00+00:00,32.737,26.637,70.37402,Cloudy
2023-09-03 12:00:00+00:00,32.086998,28.137,79.709076,Cloudy
2023-09-03 13:00:00+00:00,30.337,27.087,82.8183,Cloudy
2023-09-03 14:00:00+00:00,29.937,26.786999,83.260826,Sunny
2023-09-03 15:00:00+00:00,29.087,26.737,87.18663,Sunny
2023-09-03 16:00:00+00:00,28.987,26.237,85.1449,Sunny
2023-09-03 17:00:00+00:00,29.487,25.786999,80.54655,Sunny
2023-09-03 18:00:00+00:00,28.137,26.036999,88.401505,Cloudy
2023-09-03 19:00:00+00:00,27.437,26.237,93.18568,Cloudy
2023-09-03 20:00:00+00:00,27.286999,25.437,89.65603,Rainy
2023-09-03 21:00:00+00:00,26.937,25.487,91.789154,Cloudy
2023-09-03 22:00:00+00:00,27.036999,25.087,89.105545,Cloudy
2023-09-03 23:00:00+00:00,27.187,24.437,84.96113,Sunny
2023-09-04 00:00:00+00:00,26.036999,24.437,90.91658,Cloudy
2023-09-04 01:00:00+00:00,25.687,24.737,94.50177,Rainy
2023-09-04 02:00:00+00:00,26.437,25.087,92.30844,Rainy
2023-09-04 03:00:00+00:00,27.536999,25.437,88.35296,Cloudy
2023-09-04 04:00:00+00:00,28.987,25.687,82.41737,Cloudy
2023-09-04 05:00:00+00:00,30.887,25.937,74.992584,Cloudy
2023-09-04 06:00:00+00:00,31.937,26.387,72.54995,Cloudy
2023-09-04 07:00:00+00:00,32.437,26.786999,72.20937,Cloudy
2023-09-04 08:00:00+00:00,32.937,26.786999,70.20347,Cloudy
2023-09-04 09:00:00+00:00,32.937,26.587,69.38163,Cloudy
2023-09-04 10:00:00+00:00,32.637,25.837,67.50476,Cloudy
2023-09-04 11:00:00+00:00,32.037,26.437,72.35342,Cloudy
2023-09-04 12:00:00+00:00,29.087,27.536999,91.3773,Cloudy
2023-09-04 13:00:00+00:00,28.737,26.837,89.4971,Cloudy
2023-09-04 14:00:00+00:00,28.737,26.587,88.18962,Cloudy
2023-09-04 15:00:00+00:00,27.987,26.587,92.1212,Cloudy
2023-09-04 16:00:00+00:00,27.437,26.587,95.12993,Cloudy
2023-09-04 17:00:00+00:00,27.337,26.637,95.97102,Cloudy
2023-09-04 18:00:00+00:00,28.036999,26.687,92.39565,Cloudy
2023-09-04 19:00:00+00:00,27.786999,26.687,93.75329,Cloudy
2023-09-04 20:00:00+00:00,27.387,26.737,96.255424,Cloudy
2023-09-04 21:00:00+00:00,26.987,26.587,97.67407,Cloudy
2023-09-04 22:00:00+00:00,26.786999,26.437,97.95922,Cloudy
2023-09-04 23:00:00+00:00,27.137,26.437,95.9652,Cloudy
2023-09-05 00:00:00+00:00,27.786999,26.737,94.02966,Cloudy
2023-09-05 01:00:00+00:00,28.437,27.337,93.78229,Cloudy
2023-09-05 02:00:00+00:00,29.437,27.637,90.07351,Cloudy
2023-09-05 03:00:00+00:00,31.437,27.487,79.62276,Cloudy
2023-09-05 04:00:00+00:00,31.887,26.487,73.18626,Sunny
2023-09-05 05:00:00+00:00,33.537,25.837,64.17639,Sunny
2023-09-05 06:00:00+00:00,34.586998,25.237,58.406616,Sunny
2023-09-05 07:00:00+00:00,35.287,25.337,56.518814,Sunny
2023-09-05 08:00:00+00:00,35.586998,25.187,55.09598,Cloudy
2023-09-05 09:00:00+00:00,35.037,25.286999,57.136066,Cloudy
2023-09-05 10:00:00+00:00,34.637,25.437,58.94148,Rainy
2023-09-05 11:00:00+00:00,33.737,26.987,67.91744,Cloudy
2023-09-05 12:00:00+00:00,32.037,27.637,77.63623,Sunny
2023-09-05 13:00:00+00:00,30.337,27.137,83.06168,Sunny
2023-09-05 14:00:00+00:00,29.737,27.036999,85.47114,Cloudy
2023-09-05 15:00:00+00:00,29.237,27.337,89.53368,Sunny
2023-09-05 16:00:00+00:00,29.737,26.637,83.48387,Sunny
2023-09-05 17:00:00+00:00,30.036999,26.036999,79.20051,Sunny
2023-09-05 18:00:00+00:00,28.237,26.087,88.14857,Sunny
2023-09-05 19:00:00+00:00,28.036999,25.687,87.0935,Cloudy
2023-09-05 20:00:00+00:00,27.837,25.437,86.81732,Cloudy
2023-09-05 21:00:00+00:00,27.587,25.437,88.09489,Sunny
2023-09-05 22:00:00+00:00,27.387,25.587,89.92987,Sunny
2023-09-05 23:00:00+00:00,27.187,25.587,90.99037,Sunny
2023-09-06 00:00:00+00:00,27.387,25.837,91.273155,Cloudy
2023-09-06 01:00:00+00:00,28.937,26.237,85.39175,Cloudy
2023-09-06 02:00:00+00:00,30.337,26.887,81.85088,Cloudy
2023-09-06 03:00:00+00:00,31.687,27.387,78.04167,Cloudy
2023-09-06 04:00:00+00:00,33.336998,27.737,72.57577,Cloudy
2023-09-06 05:00:00+00:00,34.336998,27.786999,68.832375,Cloudy
2023-09-06 06:00:00+00:00,34.487,27.837,68.45981,Cloudy
2023-09-06 07:00:00+00:00,34.836998,27.887,67.33798,Cloudy
2023-09-06 08:00:00+00:00,34.287,27.987,69.83466,Rainy
2023-09-06 09:00:00+00:00,32.787,27.337,73.12224,Rainy
2023-09-06 10:00:00+00:00,32.336998,27.187,74.344955,Sunny
2023-09-06 11:00:00+00:00,32.336998,27.387,75.22168,Cloudy
2023-09-06 12:00:00+00:00,31.687,27.036999,76.455986,Cloudy
2023-09-06 13:00:00+00:00,30.587,26.437,78.57729,Cloudy
2023-09-06 14:00:00+00:00,30.237,25.887,77.60431,Cloudy
2023-09-06 15:00:00+00:00,29.987,25.786999,78.26109,Cloudy
2023-09-06 16:00:00+00:00,29.437,26.237,82.959145,Cloudy
2023-09-06 17:00:00+00:00,28.937,26.137,84.88859,Cloudy
2023-09-06 18:00:00+00:00,28.536999,25.837,85.351814,Cloudy
2023-09-06 19:00:00+00:00,28.187,25.737,86.59207,Cloudy
2023-09-06 20:00:00+00:00,27.536999,26.286999,92.91583,Cloudy
2023-09-06 21:00:00+00:00,28.036999,25.987,88.655464,Cloudy
2023-09-06 22:00:00+00:00,27.137,25.937,93.17103,Cloudy
2023-09-06 23:00:00+00:00,26.637,25.286999,92.31941,Sunny
2023-09-07 00:00:00+00:00,26.437,25.587,95.09457,Cloudy
2023-09-07 01:00:00+00:00,27.036999,25.837,93.166145,Rainy
2023-09-07 02:00:00+00:00,27.786999,25.737,88.63567,Rainy
2023-09-07 03:00:00+00:00,28.887,26.237,85.639404,Cloudy
2023-09-07 04:00:00+00:00,30.887,26.536999,77.698395,Cloudy
2023-09-07 05:00:00+00:00,31.987,26.087,71.073944,Rainy
2023-09-07 06:00:00+00:00,31.937,26.437,72.76429,Rainy
2023-09-07 07:00:00+00:00,29.987,26.187,80.13599,Rainy
2023-09-07 08:00:00+00:00,30.487,26.687,80.20127,Cloudy
2023-09-07 09:00:00+00:00,30.437,26.687,80.43123,Cloudy
2023-09-07 10:00:00+00:00,31.387,25.637,71.60148,Rainy
2023-09-07 11:00:00+00:00,29.487,26.087,81.990036,Rainy
2023-09-07 12:00:00+00:00,30.437,25.887,76.71977,Rainy
2023-09-07 13:00:00+00:00,29.637,25.437,78.21147,Cloudy
2023-09-07 14:00:00+00:00,29.387,25.587,80.05723,Cloudy
2023-09-07 15:00:00+00:00,29.437,25.337,78.64954,Cloudy
2023-09-07 16:00:00+00:00,28.837,25.437,81.91163,Cloudy
2023-09-07 17:00:00+00:00,28.286999,25.437,84.569954,Cloudy
2023-09-07 18:00:00+00:00,27.487,25.286999,87.82498,Cloudy
2023-09-07 19:00:00+00:00,27.036999,25.187,89.63785,Cloudy
2023-09-07 20:00:00+00:00,27.187,24.987,87.79958,Cloudy
2023-09-07 21:00:00+00:00,26.737,24.786999,89.08256,Cloudy
2023-09-07 22:00:00+00:00,26.337,24.637,90.394066,Cloudy
2023-09-07 23:00:00+00:00,26.087,24.536999,91.19224,Rainy
2023-09-08 00:00:00+00:00,26.036999,25.036999,94.234474,Cloudy
2023-09-08 01:00:00+00:00,26.837,25.137,90.42797,Cloudy
2023-09-08 02:00:00+00:00,27.587,25.137,86.53647,Rainy
2023-09-08 03:00:00+00:00,27.786999,25.337,86.55506,Rainy
2023-09-08 04:00:00+00:00,28.487,24.687,79.93821,Rainy
2023-09-08 05:00:00+00:00,29.137,25.887,82.6796,Rainy
2023-09-08 06:00:00+00:00,29.987,25.387,76.42469,Rainy
2023-09-08 07:00:00+00:00,27.087,25.237,89.64147,Rainy
2023-09-08 08:00:00+00:00,26.786999,25.337,91.78039,Rainy
2023-09-08 09:00:00+00:00,27.036999,24.637,86.74421,Rainy
2023-09-08 10:00:00+00:00,27.536999,25.137,86.78997,Rainy
2023-09-08 11:00:00+00:00,27.687,25.286999,86.80364,Rainy
2023-09-08 12:00:00+00:00,26.887,25.587,92.60764,Rainy
2023-09-08 13:00:00+00:00,26.887,25.536999,92.333115,Cloudy
2023-09-08 14:00:00+00:00,26.587,25.337,92.86753,Rainy
2023-09-08 15:00:00+00:00,25.937,24.937,94.2303,Rainy
2023-09-08 16:00:00+00:00,26.387,25.237,93.41185,Cloudy
2023-09-08 17:00:00+00:00,26.237,25.087,93.40472,Cloudy
2023-09-08 18:00:00+00:00,25.887,25.087,95.35868,Rainy
2023-09-08 19:00:00+00:00,25.387,24.786999,96.488144,Rainy
2023-09-08 20:00:00+00:00,24.737,24.286999,97.34312,Rainy
2023-09-08 21:00:00+00:00,24.487,24.137,97.92429,Rainy
2023-09-08 22:00:00+00:00,24.286999,24.036999,98.51128,Rainy
2023-09-08 23:00:00+00:00,24.387,23.887,97.04417,Rainy
2023-09-09 00:00:00+00:00,24.937,24.487,97.34705,Rainy
2023-09-09 01:00:00+00:00,25.737,24.786999,94.503746,Rainy
2023-09-09 02:00:00+00:00,25.786999,24.837,94.50577,Rainy
2023-09-09 03:00:00+00:00,26.837,25.536999,92.60496,Rainy
2023-09-09 04:00:00+00:00,27.887,25.687,87.85881,Rainy
2023-09-09 05:00:00+00:00,27.437,25.837,91.00628,Rainy
2023-09-09 06:00:00+00:00,28.286999,26.237,88.67522,Rainy
2023-09-09 07:00:00+00:00,29.286999,25.837,81.72356,Rainy
2023-09-09 08:00:00+00:00,30.137,25.837,77.82005,Cloudy
2023-09-09 09:00:00+00:00,30.387,25.937,77.16801,Rainy
2023-09-09 10:00:00+00:00,30.387,25.837,76.712296,Rainy
2023-09-09 11:00:00+00:00,29.887,25.837,78.94588,Cloudy
2023-09-09 12:00:00+00:00,28.036999,26.137,89.44559,Cloudy
2023-09-09 13:00:00+00:00,26.937,25.987,94.55124,Sunny
2023-09-09 14:00:00+00:00,26.587,25.937,96.23354,Cloudy
2023-09-09 15:00:00+00:00,26.237,25.737,97.084076,Cloudy
2023-09-09 16:00:00+00:00,26.087,25.587,97.08088,Cloudy
2023-09-09 17:00:00+00:00,25.987,25.437,96.79075,Cloudy
2023-09-09 18:00:00+00:00,25.837,25.237,96.49969,Sunny
2023-09-09 19:00:00+00:00,25.637,24.937,95.920906,Sunny
2023-09-09 20:00:00+00:00,25.337,24.737,96.48686,Cloudy
2023-09-09 21:00:00+00:00,25.087,24.587,97.059364,Cloudy
2023-09-09 22:00:00+00:00,25.087,24.536999,96.76949,Sunny
2023-09-09 23:00:00+00:00,24.937,24.437,97.05611,Sunny
2023-09-10 00:00:00+00:00,25.587,25.137,97.35969,Sunny
2023-09-10 01:00:00+00:00,27.637,26.187,91.8299,Sunny
2023-09-10 02:00:00+00:00,29.187,26.687,86.42916,Sunny
2023-09-10 03:00:00+00:00,30.137,26.687,81.82675,Sunny
2023-09-10 04:00:00+00:00,31.087,26.887,78.41608,Sunny
2023-09-10 05:00:00+00:00,31.837,27.137,76.25456,Sunny
2023-09-10 06:00:00+00:00,32.537,27.237,73.72629,Cloudy
2023-09-10 07:00:00+00:00,32.937,27.286999,72.295425,Cloudy
2023-09-10 08:00:00+00:00,32.836998,26.987,71.43463,Rainy
2023-09-10 09:00:00+00:00,33.387,25.987,65.29545,Sunny
2023-09-10 10:00:00+00:00,33.137,25.237,63.334892,Cloudy
2023-09-10 11:00:00+00:00,32.437,26.137,69.493614,Sunny
2023-09-10 12:00:00+00:00,30.587,26.786999,80.21429,Rainy
2023-09-10 13:00:00+00:00,29.237,26.187,83.675125,Cloudy
2023-09-10 14:00:00+00:00,28.637,26.337,87.4045,Cloudy
2023-09-10 15:00:00+00:00,28.286999,26.387,89.46403,Cloudy
2023-09-10 16:00:00+00:00,27.987,26.337,90.7729,Sunny
2023-09-10 17:00:00+00:00,27.887,26.036999,89.6995,Cloudy
2023-09-10 18:00:00+00:00,27.687,25.887,89.95107,Cloudy
2023-09-10 19:00:00+00:00,27.437,25.937,91.546906,Cloudy
2023-09-10 20:00:00+00:00,26.987,25.887,93.717316,Cloudy
2023-09-10 21:00:00+00:00,26.737,25.837,94.823906,Cloudy
2023-09-10 22:00:00+00:00,26.587,25.937,96.23354,Sunny
2023-09-10 23:00:00+00:00,26.387,25.786999,96.51373,Sunny
2023-09-11 00:00:00+00:00,26.286999,25.337,94.525604,Sunny
2023-09-11 01:00:00+00:00,27.737,25.987,90.221245,Sunny
2023-09-11 02:00:00+00:00,29.487,26.837,85.6981,Sunny
2023-09-11 03:00:00+00:00,30.937,26.887,79.08983,Sunny
2023-09-11 04:00:00+00:00,32.137,26.637,72.798256,Rainy
2023-09-11 05:00:00+00:00,32.737,26.587,70.16705,Rainy
2023-09-11 06:00:00+00:00,33.137,26.437,68.0021,Sunny
2023-09-11 07:00:00+00:00,33.537,26.187,65.519424,Sunny
2023-09-11 08:00:00+00:00,33.487,26.237,65.89752,Rainy
2023-09-11 09:00:00+00:00,33.137,26.487,68.20293,Cloudy
2023-09-11 10:00:00+00:00,32.137,26.786999,73.443924,Rainy
2023-09-11 11:00:00+00:00,30.437,25.687,75.81566,Rainy
2023-09-11 12:00:00+00:00,33.287,23.737,57.411224,Rainy
2023-09-11 13:00:00+00:00,30.137,26.036999,78.74703,Cloudy
2023-09-11 14:00:00+00:00,29.187,25.987,82.9305,Cloudy
2023-09-11 15:00:00+00:00,28.786999,25.837,84.12259,Cloudy
2023-09-11 16:00:00+00:00,28.637,25.786999,84.606636,Cloudy
2023-09-11 17:00:00+00:00,28.187,25.837,87.10685,Cloudy
2023-09-11 18:00:00+00:00,27.687,25.987,90.48524,Cloudy
2023-09-11 19:00:00+00:00,27.387,25.987,92.08753,Cloudy
2023-09-11 20:00:00+00:00,26.987,25.987,94.27384,Cloudy
2023-09-11 21:00:00+00:00,26.887,25.737,93.43546,Rainy
2023-09-11 22:00:00+00:00,26.887,25.637,92.88285,Cloudy
2023-09-11 23:00:00+00:00,26.637,25.587,93.98011,Cloudy
2023-09-12 00:00:00+00:00,26.887,25.987,94.82955,Cloudy
2023-09-12 01:00:00+00:00,28.137,26.637,91.588715,Cloudy
2023-09-12 02:00:00+00:00,29.337,26.987,87.20867,Cloudy
2023-09-12 03:00:00+00:00,30.687,27.087,81.175514,Cloudy
2023-09-12 04:00:00+00:00,31.687,27.187,77.13209,Rainy
2023-09-12 05:00:00+00:00,31.737,27.387,77.820564,Rainy
2023-09-12 06:00:00+00:00,30.337,26.937,82.09181,Rainy
2023-09-12 07:00:00+00:00,31.137,27.337,80.28573,Cloudy
2023-09-12 08:00:00+00:00,31.536999,27.286999,78.24943,Rainy
2023-09-12 09:00:00+00:00,27.637,25.587,88.62378,Rainy
2023-09-12 10:00:00+00:00,27.487,25.237,87.564095,Rainy
2023-09-12 11:00:00+00:00,27.887,25.387,86.30744,Rainy
2023-09-12 12:00:00+00:00,28.536999,26.536999,88.95672,Cloudy
2023-09-12 13:00:00+00:00,27.937,26.536999,92.11838,Cloudy
2023-09-12 14:00:00+00:00,27.687,26.487,93.19785,Cloudy
2023-09-12 15:00:00+00:00,27.687,26.437,92.923416,Cloudy
2023-09-12 16:00:00+00:00,27.437,26.487,94.57085,Cloudy
2023-09-12 17:00:00+00:00,27.137,26.487,96.24862,Cloudy
2023-09-12 18:00:00+00:00,26.987,26.387,96.528915,Cloudy
2023-09-12 19:00:00+00:00,26.837,26.337,97.09686,Cloudy
2023-09-12 20:00:00+00:00,26.487,26.087,97.66552,Cloudy
2023-09-12 21:00:00+00:00,26.137,25.887,98.53153,Cloudy
2023-09-12 22:00:00+00:00,26.036999,25.987,99.70458,Cloudy
2023-09-12 23:00:00+00:00,26.187,26.137,99.70489,Cloudy
2023-09-13 00:00:00+00:00,26.987,26.937,99.70661,Cloudy
2023-09-13 01:00:00+00:00,28.036999,27.837,98.840065,Cloudy
2023-09-13 02:00:00+00:00,29.587,27.687,89.559166,Rainy
2023-09-13 03:00:00+00:00,30.387,27.987,87.04648,Rainy
2023-09-13 04:00:00+00:00,31.337,28.187,83.41713,Rainy
2023-09-13 05:00:00+00:00,32.187,28.387,80.42101,Rainy
2023-09-13 06:00:00+00:00,32.787,27.786999,75.07268,Rainy
2023-09-13 07:00:00+00:00,28.887,26.286999,85.89268,Rainy
2023-09-13 08:00:00+00:00,29.786999,26.387,82.026054,Cloudy
2023-09-13 09:00:00+00:00,31.036999,26.387,76.357765,Cloudy
2023-09-13 10:00:00+00:00,31.637,26.286999,73.360565,Cloudy
2023-09-13 11:00:00+00:00,31.337,26.387,75.06397,Cloudy
2023-09-13 12:00:00+00:00,31.187,26.837,77.74162,Cloudy
2023-09-13 13:00:00+00:00,30.137,26.587,81.346214,Rainy
2023-09-13 14:00:00+00:00,29.487,26.487,83.94982,Cloudy
2023-09-13 15:00:00+00:00,28.786999,26.737,88.71454,Sunny
2023-09-13 16:00:00+00:00,28.387,26.737,90.79888,Sunny
2023-09-13 17:00:00+00:00,28.087,26.587,91.58574,Sunny
2023-09-13 18:00:00+00:00,27.786999,26.487,92.65495,Sunny
2023-09-13 19:00:00+00:00,27.587,26.437,93.468285,Sunny
2023-09-13 20:00:00+00:00,27.487,26.337,93.463615,Sunny
2023-09-13 21:00:00+00:00,27.437,25.587,89.66692,Sunny
2023-09-13 22:00:00+00:00,27.036999,24.587,86.48527,Sunny
2023-09-13 23:00:00+00:00,26.637,24.137,86.18887,Sunny
2023-09-14 00:00:00+00:00,27.587,26.036999,91.285484,Sunny
2023-09-14 01:00:00+00:00,28.487,26.687,90.00732,Rainy
2023-09-14 02:00:00+00:00,29.337,27.187,88.238594,Sunny
2023-09-14 03:00:00+00:00,30.687,27.286999,82.13348,Rainy
2023-09-14 04:00:00+00:00,29.036999,25.786999,82.66797,Rainy
2023-09-14 05:00:00+00:00,31.036999,26.587,77.26362,Rainy
2023-09-14 06:00:00+00:00,31.937,26.786999,74.28018,Rainy
2023-09-14 07:00:00+00:00,31.536999,26.687,75.539276,Rainy
2023-09-14 08:00:00+00:00,31.987,27.087,75.38764,Rainy
2023-09-14 09:00:00+00:00,31.437,26.387,74.63822,Rainy
2023-09-14 10:00:00+00:00,31.637,26.437,74.01293,Sunny
2023-09-14 11:00:00+00:00,31.687,26.437,73.80314,Sunny
2023-09-14 12:00:00+00:00,30.087,26.337,80.38603,Sunny
2023-09-14 13:00:00+00:00,29.737,26.187,81.2966,Sunny
2023-09-14 14:00:00+00:00,29.536999,26.036999,81.51254,Sunny
2023-09-14 15:00:00+00:00,29.087,25.737,82.185196,Sunny
2023-09-14 16:00:00+00:00,28.687,25.437,82.62717,Sunny
2023-09-14 17:00:00+00:00,28.286999,25.237,83.57,Sunny
2023-09-14 18:00:00+00:00,27.987,25.087,84.28696,Sunny
2023-09-14 19:00:00+00:00,27.687,24.887,84.759285,Sunny
2023-09-14 20:00:00+00:00,27.337,24.737,85.7419,Sunny
2023-09-14 21:00:00+00:00,27.137,24.737,86.753395,Sunny
2023-09-14 22:00:00+00:00,26.937,24.737,87.77834,Sunny
2023-09-14 23:00:00+00:00,26.536999,24.737,89.86941,Cloudy
2023-09-15 00:00:00+00:00,26.987,25.286999,90.4381,Sunny
2023-09-15 01:00:00+00:00,27.587,25.387,87.83345,Cloudy
2023-09-15 02:00:00+00:00,28.137,25.637,86.33096,Rainy
2023-09-15 03:00:00+00:00,29.036999,26.087,84.14947,Rainy
2023-09-15 04:00:00+00:00,30.286999,26.387,79.70365,Sunny
2023-09-15 05:00:00+00:00,31.337,26.437,75.28574,Sunny
2023-09-15 06:00:00+00:00,31.387,26.187,73.97196,Rainy
2023-09-15 07:00:00+00:00,31.837,26.286999,72.532845,Rainy
2023-09-15 08:00:00+00:00,31.887,25.987,71.0561,Rainy
2023-09-15 09:00:00+00:00,31.887,25.687,69.80421,Sunny
2023-09-15 10:00:00+00:00,31.536999,25.687,71.20443,Sunny
2023-09-15 11:00:00+00:00,31.237,26.087,74.16634,Sunny
2023-09-15 12:00:00+00:00,30.587,25.687,75.16746,Sunny
2023-09-15 13:00:00+00:00,29.687,25.687,79.152725,Sunny
2023-09-15 14:00:00+00:00,29.137,25.536999,80.98107,Sunny
2023-09-15 15:00:00+00:00,28.587,25.487,83.35538,Sunny
2023-09-15 16:00:00+00:00,28.337,25.437,84.32429,Sunny
2023-09-15 17:00:00+00:00,28.137,25.437,85.31171,Sunny
2023-09-15 18:00:00+00:00,27.887,25.487,86.82189,Sunny
2023-09-15 19:00:00+00:00,27.536999,25.387,88.09075,Sunny
2023-09-15 20:00:00+00:00,27.237,25.337,89.38623,Sunny
2023-09-15 21:00:00+00:00,26.987,25.337,90.7075,Sunny
2023-09-15 22:00:00+00:00,26.637,25.286999,92.31941,Sunny
2023-09-15 23:00:00+00:00,26.237,25.286999,94.52358,Sunny
2023-09-16 00:00:00+00:00,26.786999,25.587,93.1539,Sunny
2023-09-16 01:00:00+00:00,27.587,25.637,89.1474,Sunny
2023-09-16 02:00:00+00:00,28.837,26.036999,84.87829,Sunny
2023-09-16 03:00:00+00:00,30.237,26.437,80.16866,Sunny
2023-09-16 04:00:00+00:00,31.437,26.237,73.98013,Sunny
2023-09-16 05:00:00+00:00,32.336998,25.937,69.065056,Sunny
2023-09-16 06:00:00+00:00,33.137,26.087,66.61075,Sunny
2023-09-16 07:00:00+00:00,33.437,26.137,65.69302,Sunny
2023-09-16 08:00:00+00:00,33.586998,26.087,64.95112,Sunny
2023-09-16 09:00:00+00:00,33.586998,25.786999,63.807617,Sunny
2023-09-16 10:00:00+00:00,33.387,25.637,63.955032,Sunny
2023-09-16 11:00:00+00:00,32.637,26.187,68.91744,Sunny
2023-09-16 12:00:00+00:00,30.837,27.237,81.19419,Sunny
2023-09-16 13:00:00+00:00,30.036999,26.687,82.297966,Sunny
2023-09-16 14:00:00+00:00,29.237,26.536999,85.421585,Sunny
2023-09-16 15:00:00+00:00,28.937,26.137,84.88859,Sunny
2023-09-16 16:00:00+00:00,28.387,25.987,86.867256,Sunny
2023-09-16 17:00:00+00:00,28.137,25.786999,87.102394,Sunny
2023-09-16 18:00:00+00:00,27.687,25.687,88.89103,Sunny
2023-09-16 19:00:00+00:00,27.637,25.637,88.887146,Sunny
2023-09-16 20:00:00+00:00,27.737,25.487,87.58565,Sunny
2023-09-16 21:00:00+00:00,27.387,25.437,89.13222,Sunny
2023-09-16 22:00:00+00:00,27.737,25.387,87.066666,Sunny
2023-09-16 23:00:00+00:00,27.437,25.387,88.60786,Sunny
2023-09-17 00:00:00+00:00,28.087,25.837,87.61572,Sunny
2023-09-17 01:00:00+00:00,28.987,26.737,87.692604,Sunny
2023-09-17 02:00:00+00:00,30.687,27.087,81.175514,Sunny
2023-09-17 03:00:00+00:00,32.187,26.237,70.89991,Sunny
2023-09-17 04:00:00+00:00,32.987,25.687,65.60178,Sunny
2023-09-17 05:00:00+00:00,33.687,25.337,61.778725,Sunny
2023-09-17 06:00:00+00:00,34.187,25.187,59.543964,Sunny
2023-09-17 07:00:00+00:00,34.437,25.036999,58.19837,Sunny
2023-09-17 08:00:00+00:00,34.336998,25.137,58.872925,Sunny
2023-09-17 09:00:00+00:00,34.387,24.937,58.013577,Sunny
2023-09-17 10:00:00+00:00,34.037,24.687,58.279762,Sunny
2023-09-17 11:00:00+00:00,33.487,25.187,61.91909,Sunny
2023-09-17 12:00:00+00:00,32.787,26.687,70.3831,Sunny
2023-09-17 13:00:00+00:00,31.087,25.237,71.12414,Sunny
2023-09-17 14:00:00+00:00,30.087,25.536999,76.66721,Sunny
2023-09-17 15:00:00+00:00,29.137,25.937,82.924774,Sunny
2023-09-17 16:00:00+00:00,28.637,26.237,86.88987,Sunny
2023-09-17 17:00:00+00:00,28.187,25.887,87.36524,Sunny
2023-09-17 18:00:00+00:00,27.837,25.587,87.59426,Sunny
2023-09-17 19:00:00+00:00,27.337,25.786999,91.27004,Sunny
2023-09-17 20:00:00+00:00,27.087,25.587,91.52588,Sunny
2023-09-17 21:00:00+00:00,26.487,25.637,95.09631,Sunny
2023-09-17 22:00:00+00:00,26.487,25.237,92.86242,Sunny
2023-09-17 23:00:00+00:00,26.237,24.786999,91.748085,Sunny
2023-09-18 00:00:00+00:00,27.036999,25.487,91.251495,Sunny
2023-09-18 01:00:00+00:00,28.187,26.036999,88.14445,Sunny
2023-09-18 02:00:00+00:00,30.036999,26.737,82.54057,Sunny
2023-09-18 03:00:00+00:00,32.086998,26.786999,73.652016,Sunny
2023-09-18 04:00:00+00:00,33.437,26.587,67.461174,Rainy
2023-09-18 05:00:00+00:00,32.336998,26.286999,70.50929,Rainy
2023-09-18 06:00:00+00:00,32.887,26.637,69.78228,Sunny
2023-09-18 07:00:00+00:00,33.187,26.887,69.63249,Cloudy
2023-09-18 08:00:00+00:00,32.086998,26.187,71.091805,Rainy
2023-09-18 09:00:00+00:00,32.336998,26.637,71.979866,Rainy
2023-09-18 10:00:00+00:00,32.137,26.587,72.58416,Rainy
2023-09-18 11:00:00+00:00,30.887,26.286999,76.56077,Rainy
2023-09-18 12:00:00+00:00,29.837,26.536999,82.51717,Sunny
2023-09-18 13:00:00+00:00,29.087,26.587,86.41987,Sunny
2023-09-18 14:00:00+00:00,28.887,26.087,84.88345,Cloudy
2023-09-18 15:00:00+00:00,28.737,25.536999,82.878746,Cloudy
2023-09-18 16:00:00+00:00,28.286999,25.737,86.089516,Cloudy
2023-09-18 17:00:00+00:00,27.786999,25.737,88.63567,Cloudy
2023-09-18 18:00:00+00:00,27.187,25.087,88.324486,Cloudy
2023-09-18 19:00:00+00:00,26.737,24.737,88.816925,Cloudy
2023-09-18 20:00:00+00:00,26.437,24.637,89.86223,Cloudy
2023-09-18 21:00:00+00:00,26.237,24.587,90.65802,Cloudy
2023-09-18 22:00:00+00:00,26.036999,24.587,91.736336,Cloudy
2023-09-18 23:00:00+00:00,25.786999,24.536999,92.8265,Sunny
2023-09-19 00:00:00+00:00,24.437,23.737,95.88494,Cloudy
2023-09-19 01:00:00+00:00,25.437,24.137,92.530426,Rainy
2023-09-19 02:00:00+00:00,26.737,24.637,88.287704,Cloudy
2023-09-19 03:00:00+00:00,28.137,24.887,82.56278,Cloudy
2023-09-19 04:00:00+00:00,29.387,24.937,77.01983,Cloudy
2023-09-19 05:00:00+00:00,30.637,24.737,70.83172,Cloudy
2023-09-19 06:00:00+00:00,30.887,25.137,71.51318,Sunny
2023-09-19 07:00:00+00:00,32.037,25.437,68.19389,Sunny
2023-09-19 08:00:00+00:00,32.237,25.487,67.6273,Sunny
2023-09-19 09:00:00+00:00,28.687,24.937,80.20365,Rainy
2023-09-19 10:00:00+00:00,28.337,25.187,83.07959,Rainy
2023-09-19 11:00:00+00:00,27.887,24.937,84.02534,Rainy
2023-09-19 12:00:00+00:00,28.487,24.087,77.11645,Cloudy
2023-09-19 13:00:00+00:00,27.887,24.137,80.09834,Cloudy
2023-09-19 14:00:00+00:00,27.536999,24.187,81.998985,Cloudy
2023-09-19 15:00:00+00:00,27.237,24.137,83.20263,Cloudy
2023-09-19 16:00:00+00:00,27.137,24.337,84.701904,Cloudy
2023-09-19 17:00:00+00:00,27.087,24.487,85.71735,Sunny
2023-09-19 18:00:00+00:00,26.837,24.637,87.76979,Sunny
2023-09-19 19:00:00+00:00,26.687,24.737,89.07875,Sunny
2023-09-19 20:00:00+00:00,26.487,24.687,89.86581,Sunny
2023-09-19 21:00:00+00:00,26.286999,24.687,90.9327,Sunny
2023-09-19 22:00:00+00:00,26.087,24.637,91.73925,Sunny
2023-09-19 23:00:00+00:00,25.937,24.587,92.280876,Sunny
2023-09-20 00:00:00+00:00,25.837,24.737,93.665115,Sunny
2023-09-20 01:00:00+00:00,26.536999,24.887,90.677864,Rainy
2023-09-20 02:00:00+00:00,27.187,25.087,88.324486,Rainy
2023-09-20 03:00:00+00:00,27.887,25.137,85.03299,Rainy
2023-09-20 04:00:00+00:00,28.786999,25.187,80.93678,Rainy
2023-09-20 05:00:00+00:00,29.687,25.137,76.60692,Rainy
2023-09-20 06:00:00+00:00,30.637,25.137,72.542076,Rainy
2023-09-20 07:00:00+00:00,31.137,25.587,72.41265,Sunny
2023-09-20 08:00:00+00:00,31.437,24.737,67.672966,Sunny
2023-09-20 09:00:00+00:00,31.737,24.837,66.928154,Sunny
2023-09-20 10:00:00+00:00,31.187,24.286999,66.81892,Cloudy
2023-09-20 11:00:00+00:00,28.837,24.587,77.86423,Rainy
2023-09-20 12:00:00+00:00,27.387,24.536999,84.47498,Cloudy
2023-09-20 13:00:00+00:00,27.286999,24.137,82.95911,Cloudy
2023-09-20 14:00:00+00:00,27.237,24.337,84.20647,Cloudy
2023-09-20 15:00:00+00:00,26.937,24.337,85.702614,Rainy
2023-09-20 16:00:00+00:00,26.087,24.337,90.106766,Rainy
2023-09-20 17:00:00+00:00,25.487,24.487,94.21148,Rainy
2023-09-20 18:00:00+00:00,25.237,24.387,95.0516,Rainy
2023-09-20 19:00:00+00:00,24.887,24.187,95.89848,Rainy
2023-09-20 20:00:00+00:00,24.786999,24.087,95.89549,Rainy
2023-09-20 21:00:00+00:00,24.687,23.937,95.604805,Rainy
2023-09-20 22:00:00+00:00,24.737,24.137,96.47133,Rainy
2023-09-20 23:00:00+00:00,24.786999,24.237,96.76239,Rainy
2023-09-21 00:00:00+00:00,24.887,24.286999,96.475235,Rainy
2023-09-21 01:00:00+00:00,24.987,24.387,96.477806,Rainy
2023-09-21 02:00:00+00:00,25.087,24.387,95.90445,Rainy
2023-09-21 03:00:00+00:00,25.087,24.587,97.059364,Rainy
2023-09-21 04:00:00+00:00,25.737,24.987,95.63836,Rainy
2023-09-21 05:00:00+00:00,26.237,24.687,91.20163,Rainy
2023-09-21 06:00:00+00:00,27.036999,24.987,88.576,Rainy
2023-09-21 07:00:00+00:00,28.036999,25.087,84.04161,Rainy
2023-09-21 08:00:00+00:00,28.387,25.036999,82.10145,Rainy
2023-09-21 09:00:00+00:00,26.837,24.337,86.20794,Rainy
2023-09-21 10:00:00+00:00,26.687,24.737,89.07875,Rainy
2023-09-21 11:00:00+00:00,26.036999,24.237,89.83359,Rainy
2023-09-21 12:00:00+00:00,26.887,24.687,87.774086,Rainy
2023-09-21 13:00:00+00:00,26.487,24.687,89.86581,Cloudy
2023-09-21 14:00:00+00:00,25.987,24.437,91.18597,Rainy
2023-09-21 15:00:00+00:00,25.737,24.087,90.624825,Rainy
2023-09-21 16:00:00+00:00,25.387,23.737,90.60148,Rainy
2023-09-21 17:00:00+00:00,25.286999,23.637,90.59479,Rainy
2023-09-21 18:00:00+00:00,25.137,23.587,91.13244,Cloudy
2023-09-21 19:00:00+00:00,24.786999,23.437,92.216934,Rainy
2023-09-21 20:00:00+00:00,24.487,23.387,93.60297,Rainy
2023-09-21 21:00:00+00:00,24.387,23.737,96.17248,Rainy
2023-09-21 22:00:00+00:00,24.337,23.786999,96.75162,Rainy
2023-09-21 23:00:00+00:00,24.286999,23.587,95.880424,Rainy
2023-09-22 00:00:00+00:00,24.737,23.937,95.319595,Rainy
2023-09-22 01:00:00+00:00,25.036999,24.187,95.04441,Rainy
2023-09-22 02:00:00+00:00,25.087,24.187,94.761604,Rainy
2023-09-22 03:00:00+00:00,25.387,24.387,94.20728,Rainy
2023-09-22 04:00:00+00:00,26.337,24.437,89.318886,Rainy
2023-09-22 05:00:00+00:00,26.536999,24.687,89.60131,Rainy
2023-09-22 06:00:00+00:00,27.237,25.536999,90.45497,Rainy
2023-09-22 07:00:00+00:00,28.437,25.837,85.84915,Rainy
2023-09-22 08:00:00+00:00,26.587,24.937,90.68115,Rainy
2023-09-22 09:00:00+00:00,26.587,25.137,91.76863,Rainy
2023-09-22 10:00:00+00:00,26.687,25.237,91.77453,Rainy
2023-09-22 11:00:00+00:00,26.487,24.837,90.67456,Rainy
2023-09-22 12:00:00+00:00,25.987,24.637,92.283615,Rainy
2023-09-22 13:00:00+00:00,25.786999,24.587,93.10456,Rainy
2023-09-22 14:00:00+00:00,25.337,24.237,93.64221,Rainy
2023-09-22 15:00:00+00:00,25.337,24.337,94.20519,Rainy
2023-09-22 16:00:00+00:00,25.137,24.187,94.47979,Rainy
2023-09-22 17:00:00+00:00,25.187,24.087,93.63532,Rainy
2023-09-22 18:00:00+00:00,24.837,23.937,94.752075,Rainy
2023-09-22 19:00:00+00:00,24.737,23.987,95.606415,Rainy
2023-09-22 20:00:00+00:00,24.587,23.987,96.467476,Rainy
2023-09-22 21:00:00+00:00,24.587,23.937,96.17808,Rainy
2023-09-22 22:00:00+00:00,24.587,24.087,97.04853,Rainy
2023-09-22 23:00:00+00:00,24.387,24.087,98.21722,Rainy
2023-09-23 00:00:00+00:00,24.337,24.036999,98.216515,Rainy
2023-09-23 01:00:00+00:00,24.437,24.137,98.21785,Rainy
2023-09-23 02:00:00+00:00,24.786999,24.187,96.47265,Rainy
2023-09-23 03:00:00+00:00,25.137,24.187,94.47979,Rainy
2023-09-23 04:00:00+00:00,25.237,24.187,93.918915,Rainy
2023-09-23 05:00:00+00:00,25.286999,24.387,94.76924,Rainy
2023-09-23 06:00:00+00:00,25.387,24.387,94.20728,Rainy
2023-09-23 07:00:00+00:00,25.786999,24.286999,91.44713,Rainy
2023-09-23 08:00:00+00:00,25.737,24.286999,91.71858,Rainy
2023-09-23 09:00:00+00:00,26.587,24.387,87.74847,Rainy
2023-09-23 10:00:00+00:00,25.437,24.337,93.646805,Rainy
2023-09-23 11:00:00+00:00,25.536999,24.587,94.49579,Rainy
2023-09-23 12:00:00+00:00,25.737,24.737,94.221954,Rainy
2023-09-23 13:00:00+00:00,25.536999,24.687,95.06241,Rainy
2023-09-23 14:00:00+00:00,25.437,24.687,95.628815,Rainy
2023-09-23 15:00:00+00:00,25.387,24.587,95.34176,Rainy
2023-09-23 16:00:00+00:00,25.137,24.587,96.770706,Rainy
2023-09-23 17:00:00+00:00,24.687,24.387,98.22114,Rainy
2023-09-23 18:00:00+00:00,24.737,24.337,97.635254,Rainy
2023-09-23 19:00:00+00:00,24.637,24.087,96.758835,Rainy
2023-09-23 20:00:00+00:00,24.286999,23.837,97.33432,Rainy
2023-09-23 21:00:00+00:00,24.137,23.737,97.62476,Rainy
2023-09-23 22:00:00+00:00,24.137,23.637,97.038704,Rainy
2023-09-23 23:00:00+00:00,23.987,23.437,96.743225,Rainy
2023-09-24 00:00:00+00:00,24.536999,24.137,97.63176,Rainy
2023-09-24 01:00:00+00:00,24.786999,24.387,97.63613,Rainy
2023-09-24 02:00:00+00:00,24.786999,24.437,97.92892,Rainy
2023-09-24 03:00:00+00:00,24.837,24.437,97.63699,Rainy
2023-09-24 04:00:00+00:00,24.837,24.286999,96.76355,Rainy
2023-09-24 05:00:00+00:00,24.737,24.036999,95.89394,Rainy
2023-09-24 06:00:00+00:00,24.687,23.887,95.31789,Rainy
2023-09-24 07:00:00+00:00,24.687,24.036999,96.18087,Rainy
2023-09-24 08:00:00+00:00,24.637,23.937,95.890976,Rainy
2023-09-24 09:00:00+00:00,24.887,24.187,95.89848,Rainy
2023-09-24 10:00:00+00:00,25.187,24.337,95.04982,Rainy
2023-09-24 11:00:00+00:00,24.987,24.286999,95.90145,Rainy
2023-09-24 12:00:00+00:00,25.286999,24.337,94.48582,Rainy
2023-09-24 13:00:00+00:00,25.286999,24.237,93.92116,Cloudy
2023-09-24 14:00:00+00:00,25.187,23.837,92.239265,Cloudy
2023-09-24 15:00:00+00:00,25.036999,23.536999,91.401184,Rainy
2023-09-24 16:00:00+00:00,24.737,23.337,91.936264,Cloudy
2023-09-24 17:00:00+00:00,24.387,23.087,92.47381,Cloudy
2023-09-24 18:00:00+00:00,24.187,23.087,93.589066,Cloudy
2023-09-24 19:00:00+00:00,23.987,23.087,94.71946,Cloudy
2023-09-24 20:00:00+00:00,23.837,23.187,96.15695,Cloudy
2023-09-24 21:00:00+00:00,23.737,23.187,96.73723,Cloudy
2023-09-24 22:00:00+00:00,23.536999,22.937,96.44006,Cloudy
2023-09-24 23:00:00+00:00,23.437,22.737,95.854614,Sunny
2023-09-25 00:00:00+00:00,23.987,23.087,94.71946,Cloudy
2023-09-25 01:00:00+00:00,24.536999,23.137,91.92468,Cloudy
2023-09-25 02:00:00+00:00,25.337,23.887,91.69488,Cloudy
2023-09-25 03:00:00+00:00,26.637,24.487,88.01582,Cloudy
2023-09-25 04:00:00+00:00,28.187,24.737,81.58874,Rainy
2023-09-25 05:00:00+00:00,29.337,24.786999,76.55401,Rainy
2023-09-25 06:00:00+00:00,30.437,25.286999,74.03532,Rainy
2023-09-25 07:00:00+00:00,30.987,25.286999,71.743996,Rainy
2023-09-25 08:00:00+00:00,31.237,24.937,69.26958,Cloudy
2023-09-25 09:00:00+00:00,31.337,24.786999,68.26253,Cloudy
2023-09-25 10:00:00+00:00,30.887,24.637,69.41101,Rainy
2023-09-25 11:00:00+00:00,30.036999,25.036999,74.634186,Rainy
2023-09-25 12:00:00+00:00,27.337,24.837,86.255455,Cloudy
2023-09-25 13:00:00+00:00,26.387,24.987,92.03097,Cloudy
2023-09-25 14:00:00+00:00,25.937,24.837,93.669685,Sunny
2023-09-25 15:00:00+00:00,25.987,24.786999,93.11444,Sunny
2023-09-25 16:00:00+00:00,25.687,24.536999,93.37855,Sunny
2023-09-25 17:00:00+00:00,25.637,24.387,92.818756,Sunny
2023-09-25 18:00:00+00:00,25.487,24.437,93.92991,Sunny
2023-09-25 19:00:00+00:00,25.286999,24.387,94.76924,Cloudy
2023-09-25 20:00:00+00:00,24.937,24.286999,96.18786,Sunny
2023-09-25 21:00:00+00:00,24.737,24.237,97.05177,Cloudy
2023-09-25 22:00:00+00:00,24.587,24.187,97.63263,Cloudy
2023-09-25 23:00:00+00:00,24.536999,24.137,97.63176,Sunny
2023-09-26 00:00:00+00:00,25.337,24.987,97.93732,Sunny
2023-09-26 01:00:00+00:00,26.387,25.637,95.65896,Sunny
2023-09-26 02:00:00+00:00,26.387,24.887,91.48362,Rainy
2023-09-26 03:00:00+00:00,27.536999,25.387,88.09075,Sunny
2023-09-26 04:00:00+00:00,29.337,26.036999,82.458565,Cloudy
2023-09-26 05:00:00+00:00,30.837,25.286999,72.36087,Rainy
2023-09-26 06:00:00+00:00,31.487,24.987,68.49532,Rainy
2023-09-26 07:00:00+00:00,31.737,25.687,70.400444,Rainy
2023-09-26 08:00:00+00:00,31.637,25.687,70.80116,Rainy
2023-09-26 09:00:00+00:00,31.587,25.687,71.00246,Cloudy
2023-09-26 10:00:00+00:00,28.036999,24.887,83.0453,Rainy
2023-09-26 11:00:00+00:00,26.987,24.987,88.83649,Rainy
2023-09-26 12:00:00+00:00,27.237,25.937,92.62606,Sunny
2023-09-26 13:00:00+00:00,27.187,25.187,88.85213,Sunny
2023-09-26 14:00:00+00:00,26.487,25.337,93.41654,Sunny
2023-09-26 15:00:00+00:00,26.536999,24.937,90.94878,Sunny
2023-09-26 16:00:00+00:00,26.237,24.987,92.84962,Sunny
2023-09-26 17:00:00+00:00,26.137,25.087,93.95837,Sunny
2023-09-26 18:00:00+00:00,25.687,25.036999,96.20874,Cloudy
2023-09-26 19:00:00+00:00,25.687,25.036999,96.20874,Sunny
2023-09-26 20:00:00+00:00,25.587,25.087,97.070145,Sunny
2023-09-26 21:00:00+00:00,25.286999,24.887,97.64485,Sunny
2023-09-26 22:00:00+00:00,25.087,24.687,97.64136,Sunny
2023-09-26 23:00:00+00:00,24.687,24.387,98.22114,Rainy
2023-09-27 00:00:00+00:00,25.587,25.387,98.818886,Sunny
2023-09-27 01:00:00+00:00,26.437,25.937,97.08835,Sunny
2023-09-27 02:00:00+00:00,27.837,26.487,92.384834,Cloudy
2023-09-27 03:00:00+00:00,29.237,26.637,85.92639,Cloudy
2023-09-27 04:00:00+00:00,30.437,26.387,79.02144,Rainy
2023-09-27 05:00:00+00:00,31.536999,25.987,72.48144,Sunny
2023-09-27 06:00:00+00:00,32.336998,25.286999,66.451385,Sunny
2023-09-27 07:00:00+00:00,32.637,25.337,65.530594,Rainy
2023-09-27 08:00:00+00:00,32.586998,25.786999,67.495026,Sunny
2023-09-27 09:00:00+00:00,32.237,25.737,68.638214,Rainy
2023-09-27 10:00:00+00:00,32.037,25.687,69.21366,Sunny
2023-09-27 11:00:00+00:00,30.337,24.687,71.84387,Rainy
2023-09-27 12:00:00+00:00,28.587,26.187,86.88534,Sunny
2023-09-27 13:00:00+00:00,27.737,26.337,92.10719,Sunny
2023-09-27 14:00:00+00:00,27.337,26.187,93.45659,Sunny
2023-09-27 15:00:00+00:00,26.837,25.987,95.10875,Sunny
2023-09-27 16:00:00+00:00,26.687,25.786999,94.822044,Sunny
2023-09-27 17:00:00+00:00,26.637,25.737,94.8202,Sunny
2023-09-27 18:00:00+00:00,26.337,25.536999,95.373795,Sunny
2023-09-27 19:00:00+00:00,25.887,25.387,97.076584,Sunny
2023-09-27 20:00:00+00:00,26.087,25.437,96.219795,Sunny
2023-09-27 21:00:00+00:00,25.536999,25.187,97.94037,Sunny
2023-09-27 22:00:00+00:00,25.536999,25.387,99.1127,Sunny
2023-09-27 23:00:00+00:00,25.487,25.286999,98.81801,Sunny
2023-09-28 00:00:00+00:00,26.237,25.737,97.084076,Cloudy
2023-09-28 01:00:00+00:00,27.837,26.587,92.93099,Sunny
2023-09-28 02:00:00+00:00,29.286999,27.036999,87.71808,Sunny
2023-09-28 03:00:00+00:00,30.587,26.937,80.92494,Sunny
2023-09-28 04:00:00+00:00,31.536999,26.437,74.434494,Rainy
2023-09-28 05:00:00+00:00,32.336998,26.137,69.88714,Cloudy
2023-09-28 06:00:00+00:00,32.987,25.987,66.77831,Sunny
2023-09-28 07:00:00+00:00,33.387,25.786999,64.52651,Sunny
2023-09-28 08:00:00+00:00,33.687,25.937,64.017914,Sunny
2023-09-28 09:00:00+00:00,33.586998,25.536999,62.868195,Sunny
2023-09-28 10:00:00+00:00,32.937,25.587,65.39726,Sunny
2023-09-28 11:00:00+00:00,31.387,25.987,73.10215,Rainy
2023-09-28 12:00:00+00:00,29.987,27.337,85.74675,Rainy
2023-09-28 13:00:00+00:00,30.637,26.437,78.3529,Sunny
2023-09-28 14:00:00+00:00,29.337,26.737,85.93603,Sunny
2023-09-28 15:00:00+00:00,28.536999,26.237,87.3958,Sunny
2023-09-28 16:00:00+00:00,27.487,25.887,91.009445,Sunny
2023-09-28 17:00:00+00:00,27.036999,25.387,90.7108,Sunny
2023-09-28 18:00:00+00:00,26.837,24.987,89.62324,Sunny
2023-09-28 19:00:00+00:00,26.536999,24.737,89.86941,Sunny
2023-09-28 20:00:00+00:00,26.337,24.587,90.12423,Sunny
2023-09-28 21:00:00+00:00,26.187,24.437,90.11374,Sunny
2023-09-28 22:00:00+00:00,25.987,24.337,90.64144,Sunny
2023-09-28 23:00:00+00:00,25.687,24.237,91.71565,Sunny
2023-09-29 00:00:00+00:00,26.487,25.437,93.973564,Sunny
2023-09-29 01:00:00+00:00,28.087,26.237,89.71392,Sunny
2023-09-29 02:00:00+00:00,30.137,27.337,85.011246,Sunny
2023-09-29 03:00:00+00:00,31.987,27.137,75.60919,Sunny
2023-09-29 04:00:00+00:00,33.387,26.387,66.857346,Cloudy
2023-09-29 05:00:00+00:00,34.287,25.737,61.18016,Cloudy
2023-09-29 06:00:00+00:00,34.687,25.437,58.778008,Cloudy
2023-09-29 07:00:00+00:00,34.487,25.536999,59.789097,Cloudy
2023-09-29 08:00:00+00:00,34.836998,25.837,59.69081,Cloudy
2023-09-29 09:00:00+00:00,34.787,25.987,60.3907,Cloudy
2023-09-29 10:00:00+00:00,34.287,25.937,61.90947,Cloudy
2023-09-29 11:00:00+00:00,33.437,26.887,68.662895,Cloudy
2023-09-29 12:00:00+00:00,31.237,28.036999,83.163345,Rainy
2023-09-29 13:00:00+00:00,30.286999,27.837,86.783966,Cloudy
2023-09-29 14:00:00+00:00,30.087,27.487,86.007835,Cloudy
2023-09-29 15:00:00+00:00,30.036999,26.887,83.27207,Cloudy
2023-09-29 16:00:00+00:00,29.437,25.737,80.54012,Cloudy
2023-09-29 17:00:00+00:00,28.587,25.637,84.10103,Cloudy
2023-09-29 18:00:00+00:00,27.887,25.887,88.90655,Cloudy
2023-09-29 19:00:00+00:00,27.687,25.786999,89.41967,Cloudy
2023-09-29 20:00:00+00:00,27.137,25.987,93.44721,Cloudy
2023-09-29 21:00:00+00:00,27.387,25.687,90.465096,Cloudy
2023-09-29 22:00:00+00:00,27.137,25.437,90.44826,Cloudy
2023-09-29 23:00:00+00:00,26.337,24.487,89.58664,Rainy
2023-09-30 00:00:00+00:00,27.286999,25.987,92.628716,Rainy
2023-09-30 01:00:00+00:00,27.286999,26.187,93.730865,Cloudy
2023-09-30 02:00:00+00:00,27.687,25.987,90.48524,Rainy
2023-09-30 03:00:00+00:00,28.437,26.036999,86.871765,Cloudy
2023-09-30 04:00:00+00:00,29.437,26.237,82.959145,Cloudy
2023-09-30 05:00:00+00:00,29.687,25.437,77.98652,Rainy
2023-09-30 06:00:00+00:00,28.536999,25.187,82.11945,Cloudy
2023-09-30 07:00:00+00:00,29.187,25.137,78.849075,Rainy
2023-09-30 08:00:00+00:00,29.187,25.237,79.319954,Rainy
2023-09-30 09:00:00+00:00,30.137,25.087,74.42831,Cloudy
2023-09-30 10:00:00+00:00,29.237,25.587,80.753716,Cloudy
2023-09-30 11:00:00+00:00,29.087,25.837,82.673775,Cloudy
2023-09-30 12:00:00+00:00,26.286999,24.987,92.575836,Cloudy
2023-09-30 13:00:00+00:00,26.087,24.837,92.841934,Cloudy
2023-09-30 14:00:00+00:00,26.187,24.786999,92.01955,Cloudy
2023-09-30 15:00:00+00:00,26.437,24.786999,90.67126,Cloudy
2023-09-30 16:00:00+00:00,26.587,24.887,90.41104,Cloudy
2023-09-30 17:00:00+00:00,26.637,25.036999,90.95519,Cloudy
2023-09-30 18:00:00+00:00,26.737,25.187,91.232834,Cloudy
2023-09-30 19:00:00+00:00,27.036999,25.087,89.105545,Cloudy
2023-09-30 20:00:00+00:00,26.637,24.786999,89.608635,Rainy
2023-09-30 21:00:00+00:00,25.437,24.187,92.808426,Rainy
2023-09-30 22:00:00+00:00,25.036999,24.087,94.47579,Rainy
2023-09-30 23:00:00+00:00,25.387,24.387,94.20728,Cloudy
2023-10-01 00:00:00+00:00,26.437,25.437,94.2511,Cloudy
2023-10-01 01:00:00+00:00,26.887,25.587,92.60764,Cloudy
2023-10-01 02:00:00+00:00,27.387,25.437,89.13222,Cloudy
2023-10-01 03:00:00+00:00,28.637,25.987,85.614845,Cloudy
2023-10-01 04:00:00+00:00,29.786999,25.887,79.63688,Cloudy
2023-10-01 05:00:00+00:00,30.536999,25.887,76.2818,Rainy
2023-10-01 06:00:00+00:00,31.587,25.887,71.849174,Rainy
2023-10-01 07:00:00+00:00,31.687,26.437,73.80314,Rainy
2023-10-01 08:00:00+00:00,31.036999,26.637,77.491516,Rainy
2023-10-01 09:00:00+00:00,31.036999,26.937,78.87143,Rainy
2023-10-01 10:00:00+00:00,30.286999,25.887,77.38212,Rainy
2023-10-01 11:00:00+00:00,28.587,26.237,87.1424,Rainy
2023-10-01 12:00:00+00:00,28.036999,25.286999,85.04832,Cloudy
2023-10-01 13:00:00+00:00,27.937,25.137,84.78526,Cloudy
2023-10-01 14:00:00+00:00,27.587,25.036999,86.0224,Cloudy
2023-10-01 15:00:00+00:00,27.437,25.286999,88.082436,Cloudy
2023-10-01 16:00:00+00:00,27.337,25.387,89.12839,Cloudy
2023-10-01 17:00:00+00:00,26.887,25.286999,90.9712,Rainy
2023-10-01 18:00:00+00:00,26.687,25.087,90.9584,Cloudy
2023-10-01 19:00:00+00:00,26.437,24.837,90.94235,Cloudy
2023-10-01 20:00:00+00:00,26.187,24.587,90.926254,Cloudy
2023-10-01 21:00:00+00:00,25.987,24.536999,91.73336,Cloudy
2023-10-01 22:00:00+00:00,25.987,24.487,91.45931,Cloudy
2023-10-01 23:00:00+00:00,25.987,24.487,91.45931,Cloudy
2023-10-02 00:00:00+00:00,26.737,25.337,92.050804,Cloudy
2023-10-02 01:00:00+00:00,27.437,25.737,90.46845,Sunny
2023-10-02 02:00:00+00:00,27.987,25.987,88.914276,Sunny
2023-10-02 03:00:00+00:00,29.437,26.337,83.4505,Cloudy
2023-10-02 04:00:00+00:00,30.286999,26.587,80.6492,Rainy
2023-10-02 05:00:00+00:00,30.637,26.637,79.28204,Rainy
2023-10-02 06:00:00+00:00,29.637,26.687,84.21367,Rainy
2023-10-02 07:00:00+00:00,29.237,26.536999,85.421585,Rainy
2023-10-02 08:00:00+00:00,28.137,25.587,86.07517,Rainy
2023-10-02 09:00:00+00:00,28.286999,25.687,85.83461,Rainy
2023-10-02 10:00:00+00:00,28.237,25.737,86.34036,Rainy
2023-10-02 11:00:00+00:00,28.237,25.786999,86.59666,Sunny
2023-10-02 12:00:00+00:00,28.437,25.087,82.10745,Cloudy
2023-10-02 13:00:00+00:00,27.987,25.487,86.316864,Cloudy
2023-10-02 14:00:00+00:00,27.687,25.637,88.62772,Cloudy
2023-10-02 15:00:00+00:00,27.536999,25.587,89.14364,Sunny
2023-10-02 16:00:00+00:00,27.286999,25.487,89.92279,Sunny
2023-10-02 17:00:00+00:00,27.087,25.387,90.44486,Sunny
2023-10-02 18:00:00+00:00,26.837,25.337,91.51082,Sunny
2023-10-02 19:00:00+00:00,26.587,25.237,92.316666,Sunny
2023-10-02 20:00:00+00:00,26.387,25.087,92.58116,Sunny
2023-10-02 21:00:00+00:00,26.237,25.036999,93.12679,Sunny
2023-10-02 22:00:00+00:00,26.137,25.036999,93.678795,Sunny
2023-10-02 23:00:00+00:00,26.036999,25.036999,94.234474,Sunny
2023-10-03 00:00:00+00:00,26.786999,25.587,93.1539,Rainy
2023-10-03 01:00:00+00:00,26.837,24.937,89.356384,Rainy
2023-10-03 02:00:00+00:00,27.337,24.587,84.97657,Rainy
2023-10-03 03:00:00+00:00,27.987,24.587,81.80838,Rainy
2023-10-03 04:00:00+00:00,28.087,25.337,85.05342,Rainy
2023-10-03 05:00:00+00:00,28.337,25.087,82.586235,Rainy
2023-10-03 06:00:00+00:00,28.837,25.237,80.943115,Rainy
2023-10-03 07:00:00+00:00,28.837,24.786999,78.80046,Rainy
2023-10-03 08:00:00+00:00,29.286999,25.637,80.76009,Rainy
2023-10-03 09:00:00+00:00,28.087,25.387,85.306656,Rainy
2023-10-03 10:00:00+00:00,27.786999,25.286999,86.298,Rainy
2023-10-03 11:00:00+00:00,27.337,24.786999,85.99832,Rainy
2023-10-03 12:00:00+00:00,27.187,24.687,86.24123,Rainy
2023-10-03 13:00:00+00:00,26.887,24.937,89.09407,Rainy
2023-10-03 14:00:00+00:00,26.536999,25.286999,92.864975,Rainy
2023-10-03 15:00:00+00:00,25.887,24.637,92.831635,Rainy
2023-10-03 16:00:00+00:00,25.337,24.437,94.77112,Rainy
2023-10-03 17:00:00+00:00,25.286999,24.387,94.76924,Rainy
2023-10-03 18:00:00+00:00,25.137,24.337,95.33327,Rainy
2023-10-03 19:00:00+00:00,25.087,24.536999,96.76949,Rainy
2023-10-03 20:00:00+00:00,24.887,24.237,96.1865,Rainy
2023-10-03 21:00:00+00:00,24.536999,23.937,96.46618,Rainy
2023-10-03 22:00:00+00:00,25.036999,24.137,94.75971,Rainy
2023-10-03 23:00:00+00:00,24.987,24.137,95.04258,Rainy
2023-10-04 00:00:00+00:00,24.737,24.087,96.18228,Rainy
2023-10-04 01:00:00+00:00,25.137,24.237,94.76354,Rainy
2023-10-04 02:00:00+00:00,26.187,24.536999,90.6547,Rainy
2023-10-04 03:00:00+00:00,25.937,24.187,90.096245,Rainy
2023-10-04 04:00:00+00:00,25.987,24.637,92.283615,Rainy
2023-10-04 05:00:00+00:00,25.837,24.786999,93.945244,Rainy
2023-10-04 06:00:00+00:00,25.837,24.387,91.724495,Rainy
2023-10-04 07:00:00+00:00,26.137,24.637,91.46843,Rainy
2023-10-04 08:00:00+00:00,26.137,24.087,88.503784,Rainy
2023-10-04 09:00:00+00:00,25.786999,24.337,91.72157,Rainy
2023-10-04 10:00:00+00:00,25.687,24.637,93.938675,Rainy
2023-10-04 11:00:00+00:00,25.687,24.487,93.09959,Rainy
2023-10-04 12:00:00+00:00,25.286999,24.036999,92.800674,Rainy
2023-10-04 13:00:00+00:00,25.237,23.937,92.51969,Rainy
2023-10-04 14:00:00+00:00,25.137,23.786999,92.23647,Rainy
2023-10-04 15:00:00+00:00,24.837,23.637,93.05716,Rainy
2023-10-04 16:00:00+00:00,24.786999,23.536999,92.77468,Rainy
2023-10-04 17:00:00+00:00,24.487,23.137,92.20011,Rainy
2023-10-04 18:00:00+00:00,24.187,22.937,92.743355,Rainy
2023-10-04 19:00:00+00:00,24.087,22.837,92.73809,Rainy
2023-10-04 20:00:00+00:00,23.987,22.536999,91.614075,Rainy
2023-10-04 21:00:00+00:00,24.087,22.637,91.62011,Rainy
2023-10-04 22:00:00+00:00,24.036999,22.737,92.45479,Rainy
2023-10-04 23:00:00+00:00,24.087,22.786999,92.457466,Cloudy
2023-10-05 00:00:00+00:00,24.536999,23.087,91.64718,Rainy
2023-10-05 01:00:00+00:00,24.637,23.337,92.487366,Rainy
2023-10-05 02:00:00+00:00,25.036999,23.637,91.9536,Rainy
2023-10-05 03:00:00+00:00,24.536999,23.387,93.32334,Rainy
2023-10-05 04:00:00+00:00,25.286999,23.937,92.24485,Rainy
2023-10-05 05:00:00+00:00,26.036999,24.087,89.02876,Rainy
2023-10-05 06:00:00+00:00,26.286999,23.937,86.936035,Rainy
2023-10-05 07:00:00+00:00,27.187,23.937,82.45076,Rainy
2023-10-05 08:00:00+00:00,27.137,23.687,81.4587,Rainy
2023-10-05 09:00:00+00:00,26.637,23.737,84.141685,Rainy
2023-10-05 10:00:00+00:00,27.087,23.687,81.6981,Cloudy
2023-10-05 11:00:00+00:00,26.387,23.387,83.60868,Cloudy
2023-10-05 12:00:00+00:00,25.587,22.687,84.027306,Sunny
2023-10-05 13:00:00+00:00,25.087,22.536999,85.778915,Sunny
2023-10-05 14:00:00+00:00,24.887,22.387,86.020355,Cloudy
2023-10-05 15:00:00+00:00,24.987,22.237,84.732,Cloudy
2023-10-05 16:00:00+00:00,25.036999,22.286999,84.737274,Sunny
2023-10-05 17:00:00+00:00,24.437,22.237,87.56281,Sunny
2023-10-05 18:00:00+00:00,24.237,22.137,88.08042,Cloudy
2023-10-05 19:00:00+00:00,24.036999,21.786999,87.260956,Cloudy
2023-10-05 20:00:00+00:00,24.087,21.387,84.8965,Cloudy
2023-10-05 21:00:00+00:00,23.987,21.286999,84.886024,Cloudy
2023-10-05 22:00:00+00:00,23.837,21.337,85.9178,Cloudy
2023-10-05 23:00:00+00:00,23.786999,21.286999,85.91289,Cloudy
2023-10-06 00:00:00+00:00,24.187,21.337,84.13046,Sunny
2023-10-06 01:00:00+00:00,25.087,21.786999,81.94878,Cloudy
2023-10-06 02:00:00+00:00,26.036999,22.536999,81.07454,Sunny
2023-10-06 03:00:00+00:00,27.437,23.036999,76.95942,Sunny
2023-10-06 04:00:00+00:00,28.587,23.687,74.848076,Sunny
2023-10-06 05:00:00+00:00,29.536999,24.036999,72.35206,Cloudy
2023-10-06 06:00:00+00:00,30.187,24.036999,69.697044,Sunny
2023-10-06 07:00:00+00:00,30.637,23.887,67.31389,Rainy
2023-10-06 08:00:00+00:00,31.087,23.737,65.017044,Rainy
2023-10-06 09:00:00+00:00,31.137,23.387,63.47882,Sunny
2023-10-06 10:00:00+00:00,30.337,23.786999,68.069435,Cloudy
2023-10-06 11:00:00+00:00,29.587,24.837,75.68353,Cloudy
2023-10-06 12:00:00+00:00,27.487,24.487,83.73091,Sunny
2023-10-06 13:00:00+00:00,27.087,24.187,84.1903,Rainy
2023-10-06 14:00:00+00:00,26.837,23.937,84.16331,Sunny
2023-10-06 15:00:00+00:00,26.286999,22.887,81.59928,Cloudy
2023-10-06 16:00:00+00:00,25.536999,22.587,83.76725,Cloudy
2023-10-06 17:00:00+00:00,24.987,22.637,86.817215,Sunny
2023-10-06 18:00:00+00:00,24.786999,22.487,87.06295,Sunny
2023-10-06 19:00:00+00:00,24.536999,22.337,87.57154,Cloudy
2023-10-06 20:00:00+00:00,24.286999,22.137,87.8168,Cloudy
2023-10-06 21:00:00+00:00,23.987,21.937,88.32848,Cloudy
2023-10-06 22:00:00+00:00,23.687,21.737,88.84514,Sunny
2023-10-06 23:00:00+00:00,23.487,21.637,89.37432,Sunny
2023-10-07 00:00:00+00:00,24.036999,21.887,87.79536,Sunny
2023-10-07 01:00:00+00:00,24.987,22.437,85.76906,Sunny
2023-10-07 02:00:00+00:00,26.337,23.036999,82.10091,Sunny
2023-10-07 03:00:00+00:00,27.837,23.737,78.42435,Cloudy
2023-10-07 04:00:00+00:00,28.937,24.087,75.12961,Cloudy
2023-10-07 05:00:00+00:00,29.237,24.187,74.281494,Rainy
2023-10-07 06:00:00+00:00,30.187,24.837,73.11671,Sunny
2023-10-07 07:00:00+00:00,30.587,24.837,71.46004,Sunny
2023-10-07 08:00:00+00:00,30.637,24.837,71.255974,Sunny
2023-10-07 09:00:00+00:00,30.737,24.786999,70.638535,Sunny
2023-10-07 10:00:00+00:00,30.487,24.786999,71.65596,Sunny
2023-10-07 11:00:00+00:00,29.837,25.286999,76.629555,Sunny
2023-10-07 12:00:00+00:00,28.187,24.887,82.32271,Cloudy
2023-10-07 13:00:00+00:00,27.387,24.587,84.72803,Sunny
2023-10-07 14:00:00+00:00,26.286999,24.737,91.20478,Sunny
2023-10-07 15:00:00+00:00,25.587,24.587,94.21567,Sunny
2023-10-07 16:00:00+00:00,24.987,24.387,96.477806,Cloudy
2023-10-07 17:00:00+00:00,24.637,24.087,96.758835,Cloudy
2023-10-07 18:00:00+00:00,24.437,23.887,96.75403,Cloudy
2023-10-07 19:00:00+00:00,24.286999,23.637,96.16965,Cloudy
2023-10-07 20:00:00+00:00,23.887,23.437,97.32641,Cloudy
2023-10-07 21:00:00+00:00,23.887,23.536999,97.91506,Cloudy
2023-10-07 22:00:00+00:00,23.587,23.237,97.91041,Rainy
2023-10-07 23:00:00+00:00,23.687,23.286999,97.61681,Rainy
2023-10-08 00:00:00+00:00,24.437,23.937,97.045265,Rainy
2023-10-08 01:00:00+00:00,25.187,24.286999,94.76542,Sunny
2023-10-08 02:00:00+00:00,26.337,24.437,89.318886,Sunny
2023-10-08 03:00:00+00:00,27.687,24.337,82.01713,Sunny
2023-10-08 04:00:00+00:00,29.237,24.087,73.8371,Cloudy
2023-10-08 05:00:00+00:00,30.237,24.237,70.33652,Sunny
2023-10-08 06:00:00+00:00,31.036999,24.187,66.98973,Rainy
2023-10-08 07:00:00+00:00,31.487,24.137,65.099724,Sunny
2023-10-08 08:00:00+00:00,31.587,24.137,64.73089,Rainy
2023-10-08 09:00:00+00:00,31.437,24.137,65.28501,Rainy
2023-10-08 10:00:00+00:00,31.137,24.437,67.61441,Cloudy
2023-10-08 11:00:00+00:00,29.637,25.036999,76.37149,Sunny
2023-10-08 12:00:00+00:00,27.187,24.487,85.21582,Sunny
2023-10-08 13:00:00+00:00,26.387,23.737,85.39102,Sunny
2023-10-08 14:00:00+00:00,26.587,23.786999,84.64416,Sunny
2023-10-08 15:00:00+00:00,26.437,24.286999,87.99905,Sunny
2023-10-08 16:00:00+00:00,26.087,24.786999,92.56518,Sunny
2023-10-08 17:00:00+00:00,25.887,24.937,94.50973,Sunny
2023-10-08 18:00:00+00:00,25.237,24.587,96.196236,Rainy
2023-10-08 19:00:00+00:00,24.337,24.187,99.104744,Sunny
2023-10-08 20:00:00+00:00,23.837,23.637,98.80344,Rainy
2023-10-08 21:00:00+00:00,23.937,23.737,98.80435,Rainy
2023-10-08 22:00:00+00:00,23.637,22.786999,94.993484,Rainy
2023-10-08 23:00:00+00:00,23.536999,23.036999,97.02555,Rainy
2023-10-09 00:00:00+00:00,24.987,24.337,96.18927,Sunny
2023-10-09 01:00:00+00:00,25.637,24.937,95.920906,Sunny
2023-10-09 02:00:00+00:00,26.837,25.237,90.968,Sunny
2023-10-09 03:00:00+00:00,28.237,25.487,85.068726,Sunny
2023-10-09 04:00:00+00:00,29.786999,25.536999,78.00086,Rainy
2023-10-09 05:00:00+00:00,30.737,25.286999,72.775444,Rainy
2023-10-09 06:00:00+00:00,31.587,24.987,68.10725,Sunny
2023-10-09 07:00:00+00:00,32.037,24.737,65.408134,Sunny
2023-10-09 08:00:00+00:00,31.887,24.487,64.98742,Cloudy
2023-10-09 09:00:00+00:00,30.187,24.487,71.60295,Rainy
2023-10-09 10:00:00+00:00,30.387,24.687,71.63832,Sunny
2023-10-09 11:00:00+00:00,29.687,25.286999,77.29402,Sunny
2023-10-09 12:00:00+00:00,27.737,25.437,87.32582,Sunny
2023-10-09 13:00:00+00:00,27.487,25.087,86.78541,Sunny
2023-10-09 14:00:00+00:00,28.087,24.437,80.60608,Sunny
2023-10-09 15:00:00+00:00,27.887,24.187,80.33899,Sunny
2023-10-09 16:00:00+00:00,26.137,24.387,90.11025,Sunny
2023-10-09 17:00:00+00:00,25.536999,24.187,92.25873,Sunny
2023-10-09 18:00:00+00:00,25.487,23.887,90.88097,Sunny
2023-10-09 19:00:00+00:00,24.487,23.137,92.20011,Sunny
2023-10-09 20:00:00+00:00,23.737,21.937,89.66636,Sunny
2023-10-09 21:00:00+00:00,23.387,21.637,89.9151,Cloudy
2023-10-09 22:00:00+00:00,23.237,21.737,91.28946,Rainy
2023-10-09 23:00:00+00:00,22.786999,21.687,93.52345,Rainy
2023-10-10 00:00:00+00:00,24.536999,23.637,94.7406,Cloudy
2023-10-10 01:00:00+00:00,24.637,23.387,92.76688,Rainy
2023-10-10 02:00:00+00:00,25.337,23.937,91.97089,Rainy
2023-10-10 03:00:00+00:00,26.887,24.036999,84.42188,Cloudy
2023-10-10 04:00:00+00:00,28.036999,24.286999,80.11815,Rainy
2023-10-10 05:00:00+00:00,28.737,24.437,77.617096,Rainy
2023-10-10 06:00:00+00:00,29.437,24.637,75.434296,Sunny
2023-10-10 07:00:00+00:00,29.937,24.937,74.61803,Rainy
2023-10-10 08:00:00+00:00,30.137,25.187,74.87293,Rainy
2023-10-10 09:00:00+00:00,30.137,25.237,75.096115,Rainy
2023-10-10 10:00:00+00:00,29.837,25.087,75.722496,Cloudy
2023-10-10 11:00:00+00:00,29.437,25.036999,77.257195,Cloudy
2023-10-10 12:00:00+00:00,28.987,24.687,77.653534,Rainy
2023-10-10 13:00:00+00:00,27.137,24.987,88.05753,Sunny
2023-10-10 14:00:00+00:00,26.536999,24.737,89.86941,Sunny
2023-10-10 15:00:00+00:00,25.737,24.687,93.94087,Sunny
2023-10-10 16:00:00+00:00,25.887,24.536999,92.27811,Sunny
2023-10-10 17:00:00+00:00,25.587,24.237,92.2615,Sunny
2023-10-10 18:00:00+00:00,25.036999,23.987,93.91014,Cloudy
2023-10-10 19:00:00+00:00,23.637,22.837,95.28181,Rainy
2023-10-10 20:00:00+00:00,23.437,22.786999,96.145615,Rainy
2023-10-10 21:00:00+00:00,23.286999,22.786999,97.020035,Sunny
2023-10-10 22:00:00+00:00,23.187,22.687,97.01783,Sunny
2023-10-10 23:00:00+00:00,22.987,22.487,97.01342,Sunny
2023-10-11 00:00:00+00:00,24.237,23.687,96.74923,Cloudy
2023-10-11 01:00:00+00:00,24.737,23.737,94.17991,Cloudy
2023-10-11 02:00:00+00:00,25.286999,23.786999,91.41656,Sunny
2023-10-11 03:00:00+00:00,26.637,24.286999,86.96774,Sunny
2023-10-11 04:00:00+00:00,27.937,24.087,79.6257,Cloudy
2023-10-11 05:00:00+00:00,29.087,24.286999,75.37909,Cloudy
2023-10-11 06:00:00+00:00,29.786999,24.087,71.532074,Rainy
2023-10-11 07:00:00+00:00,30.437,23.937,68.29376,Sunny
2023-10-11 08:00:00+00:00,30.786999,23.737,66.139725,Rainy
2023-10-11 09:00:00+00:00,30.937,23.387,64.206924,Sunny
2023-10-11 10:00:00+00:00,30.637,23.237,64.72794,Rainy
2023-10-11 11:00:00+00:00,29.587,24.786999,75.457924,Sunny
2023-10-11 12:00:00+00:00,28.237,24.887,82.083405,Cloudy
2023-10-11 13:00:00+00:00,26.337,23.337,83.60309,Rainy
2023-10-11 14:00:00+00:00,25.286999,22.637,85.27973,Rainy
2023-10-11 15:00:00+00:00,24.737,22.887,89.4682,Sunny
2023-10-11 16:00:00+00:00,24.687,22.887,89.7359,Sunny
2023-10-11 17:00:00+00:00,24.337,23.237,93.596016,Sunny
2023-10-11 18:00:00+00:00,23.837,23.237,96.44791,Sunny
2023-10-11 19:00:00+00:00,23.286999,22.887,97.60972,Sunny
2023-10-11 20:00:00+00:00,22.737,22.536999,98.79356,Sunny
2023-10-11 21:00:00+00:00,22.387,22.237,99.09162,Sunny
2023-10-11 22:00:00+00:00,22.937,22.687,98.49622,Sunny
2023-10-11 23:00:00+00:00,22.737,22.687,99.697174,Cloudy
2023-10-12 00:00:00+00:00,23.637,23.637,100.0,Cloudy
2023-10-12 01:00:00+00:00,24.387,24.286999,99.40261,Cloudy
2023-10-12 02:00:00+00:00,25.587,24.387,93.09459,Sunny
2023-10-12 03:00:00+00:00,26.937,24.637,87.25531,Sunny
2023-10-12 04:00:00+00:00,28.587,24.837,80.19054,Sunny
2023-10-12 05:00:00+00:00,29.536999,24.987,76.5843,Sunny
2023-10-12 06:00:00+00:00,30.187,24.937,73.55431,Sunny
2023-10-12 07:00:00+00:00,30.437,24.137,69.11895,Sunny
2023-10-12 08:00:00+00:00,30.587,23.087,64.3274,Rainy
2023-10-12 09:00:00+00:00,30.687,22.587,62.05173,Sunny
2023-10-12 10:00:00+00:00,30.237,22.587,63.67153,Sunny
2023-10-12 11:00:00+00:00,28.286999,22.786999,72.1339,Sunny
2023-10-12 12:00:00+00:00,25.286999,22.387,83.99444,Sunny
2023-10-12 13:00:00+00:00,24.987,22.337,85.24915,Sunny
2023-10-12 14:00:00+00:00,24.637,22.687,88.91991,Sunny
2023-10-12 15:00:00+00:00,23.887,22.987,94.715614,Sunny
2023-10-12 16:00:00+00:00,23.737,22.887,94.99712,Sunny
2023-10-12 17:00:00+00:00,23.237,22.737,97.01895,Sunny
2023-10-12 18:00:00+00:00,22.887,22.637,98.49568,Sunny
2023-10-12 19:00:00+00:00,22.737,22.587,99.093994,Sunny
2023-10-12 20:00:00+00:00,22.487,22.487,100.0,Sunny
2023-10-12 21:00:00+00:00,22.437,22.387,99.6965,Cloudy
2023-10-12 22:00:00+00:00,22.337,22.337,100.0,Cloudy
2023-10-12 23:00:00+00:00,22.437,22.387,99.6965,Cloudy
2023-10-13 00:00:00+00:00,23.036999,22.987,99.69788,Cloudy
2023-10-13 01:00:00+00:00,23.887,23.487,97.62035,Cloudy
2023-10-13 02:00:00+00:00,25.487,23.437,88.45118,Sunny
2023-10-13 03:00:00+00:00,27.137,24.237,84.19572,Sunny
2023-10-13 04:00:00+00:00,28.687,24.337,77.3777,Cloudy
2023-10-13 05:00:00+00:00,29.437,24.237,73.64917,Rainy
2023-10-13 06:00:00+00:00,30.137,24.036999,69.89734,Rainy
2023-10-13 07:00:00+00:00,30.587,23.786999,67.10188,Rainy
2023-10-13 08:00:00+00:00,30.837,23.437,64.769615,Sunny
2023-10-13 09:00:00+00:00,31.137,22.786999,61.216503,Sunny
2023-10-13 10:00:00+00:00,30.536999,22.337,61.642834,Sunny
2023-10-13 11:00:00+00:00,28.137,24.237,79.414246,Sunny
2023-10-13 12:00:00+00:00,26.286999,24.137,87.986465,Sunny
2023-10-13 13:00:00+00:00,25.687,23.987,90.349754,Sunny
2023-10-13 14:00:00+00:00,25.187,23.786999,91.96224,Sunny
2023-10-13 15:00:00+00:00,24.637,23.387,92.76688,Sunny
2023-10-13 16:00:00+00:00,24.187,22.887,92.46292,Sunny
2023-10-13 17:00:00+00:00,23.637,22.687,94.419174,Sunny
2023-10-13 18:00:00+00:00,23.237,22.587,96.13995,Sunny
2023-10-13 19:00:00+00:00,23.036999,22.487,96.72033,Sunny
2023-10-13 20:00:00+00:00,22.937,22.487,97.30752,Sunny
2023-10-13 21:00:00+00:00,22.687,22.387,98.194496,Sunny
2023-10-13 22:00:00+00:00,22.487,22.237,98.491165,Sunny
2023-10-13 23:00:00+00:00,22.237,22.036999,98.78905,Sunny
2023-10-14 00:00:00+00:00,23.487,23.437,99.69888,Cloudy
2023-10-14 01:00:00+00:00,23.837,23.637,98.80344,Cloudy
2023-10-14 02:00:00+00:00,25.137,23.837,92.51433,Cloudy
2023-10-14 03:00:00+00:00,27.036999,23.687,81.93832,Cloudy
2023-10-14 04:00:00+00:00,28.237,24.137,78.48094,Sunny
2023-10-14 05:00:00+00:00,29.237,24.187,74.281494,Sunny
2023-10-14 06:00:00+00:00,29.937,23.786999,69.65041,Sunny
2023-10-14 07:00:00+00:00,30.437,23.087,64.882126,Sunny
2023-10-14 08:00:00+00:00,30.687,22.437,61.48889,Sunny
2023-10-14 09:00:00+00:00,30.737,21.887,59.293564,Sunny
2023-10-14 10:00:00+00:00,30.087,21.887,61.54302,Sunny
2023-10-14 11:00:00+00:00,28.786999,23.437,72.87828,Sunny
2023-10-14 12:00:00+00:00,26.337,22.837,81.11266,Sunny
2023-10-14 13:00:00+00:00,25.786999,22.637,82.78483,Sunny
2023-10-14 14:00:00+00:00,25.536999,22.036999,81.01076,Sunny
2023-10-14 15:00:00+00:00,26.237,21.286999,74.237495,Sunny
2023-10-14 16:00:00+00:00,25.187,21.237,78.765564,Sunny
2023-10-14 17:00:00+00:00,24.137,21.187,83.61061,Sunny
2023-10-14 18:00:00+00:00,25.137,20.937,77.55853,Sunny
2023-10-14 19:00:00+00:00,22.687,21.036999,90.41843,Sunny
2023-10-14 20:00:00+00:00,22.387,21.087,92.36416,Sunny
2023-10-14 21:00:00+00:00,21.786999,20.887,94.63363,Sunny
2023-10-14 22:00:00+00:00,21.437,20.737,95.79294,Sunny
2023-10-14 23:00:00+00:00,21.487,20.786999,95.794464,Sunny
2023-10-15 00:00:00+00:00,21.637,20.937,95.79917,Sunny
2023-10-15 01:00:00+00:00,23.237,21.637,90.733154,Sunny
2023-10-15 02:00:00+00:00,24.637,22.237,86.52131,Sunny
2023-10-15 03:00:00+00:00,26.187,22.737,81.33993,Sunny
2023-10-15 04:00:00+00:00,27.587,23.286999,77.44843,Sunny
2023-10-15 05:00:00+00:00,28.637,23.487,73.73718,Sunny
2023-10-15 06:00:00+00:00,29.337,23.237,69.74853,Sunny
2023-10-15 07:00:00+00:00,29.487,22.637,66.68032,Rainy
2023-10-15 08:00:00+00:00,29.536999,22.887,67.50383,Sunny
2023-10-15 09:00:00+00:00,29.437,22.737,67.27985,Sunny
2023-10-15 10:00:00+00:00,28.887,22.737,69.45354,Cloudy
2023-10-15 11:00:00+00:00,28.487,22.887,71.73327,Sunny
2023-10-15 12:00:00+00:00,27.587,21.987,71.57303,Sunny
2023-10-15 13:00:00+00:00,25.987,22.036999,78.878105,Sunny
2023-10-15 14:00:00+00:00,25.087,22.087,83.46249,Sunny
2023-10-15 15:00:00+00:00,24.286999,22.137,87.8168,Sunny
2023-10-15 16:00:00+00:00,23.786999,22.087,90.21839,Sunny
2023-10-15 17:00:00+00:00,23.387,21.887,91.29886,Sunny
2023-10-15 18:00:00+00:00,23.286999,21.737,91.014175,Sunny
2023-10-15 19:00:00+00:00,23.237,21.637,90.733154,Sunny
2023-10-15 20:00:00+00:00,22.937,21.587,92.11243,Sunny
2023-10-15 21:00:00+00:00,22.687,21.536999,93.23308,Sunny
2023-10-15 22:00:00+00:00,22.487,21.437,93.79607,Sunny
2023-10-15 23:00:00+00:00,22.387,21.286999,93.504524,Sunny
2023-10-16 00:00:00+00:00,22.837,21.937,94.674835,Sunny
2023-10-16 01:00:00+00:00,23.737,22.337,91.878075,Sunny
2023-10-16 02:00:00+00:00,25.137,22.887,87.358765,Rainy
2023-10-16 03:00:00+00:00,26.337,23.187,82.849014,Rainy
2023-10-16 04:00:00+00:00,27.687,23.337,77.229774,Sunny
2023-10-16 05:00:00+00:00,28.587,23.286999,73.06431,Sunny
2023-10-16 06:00:00+00:00,29.137,22.786999,68.66366,Rainy
2023-10-16 07:00:00+00:00,29.637,22.587,65.90595,Sunny
2023-10-16 08:00:00+00:00,29.786999,22.536999,65.14108,Sunny
2023-10-16 09:00:00+00:00,29.786999,21.786999,62.232452,Sunny
2023-10-16 10:00:00+00:00,29.536999,21.437,61.798027,Sunny
2023-10-16 11:00:00+00:00,28.786999,22.337,68.18058,Sunny
2023-10-16 12:00:00+00:00,26.937,22.637,77.35231,Sunny
2023-10-16 13:00:00+00:00,25.937,22.036999,79.111916,Sunny
2023-10-16 14:00:00+00:00,25.487,21.487,78.56708,Sunny
2023-10-16 15:00:00+00:00,24.786999,21.536999,82.163055,Sunny
2023-10-16 16:00:00+00:00,24.237,21.487,84.65275,Sunny
2023-10-16 17:00:00+00:00,23.587,21.337,87.22062,Sunny
2023-10-16 18:00:00+00:00,22.786999,21.237,90.981834,Sunny
2023-10-16 19:00:00+00:00,22.286999,21.036999,92.64274,Sunny
2023-10-16 20:00:00+00:00,22.087,20.987,93.49028,Sunny
2023-10-16 21:00:00+00:00,21.887,21.087,95.22069,Sunny
2023-10-16 22:00:00+00:00,21.437,20.786999,96.088196,Sunny
2023-10-16 23:00:00+00:00,21.587,21.087,96.98219,Sunny
2023-10-17 00:00:00+00:00,22.637,21.687,94.37821,Sunny
2023-10-17 01:00:00+00:00,23.137,21.937,92.97122,Sunny
2023-10-17 02:00:00+00:00,25.187,22.887,87.09904,Sunny
2023-10-17 03:00:00+00:00,26.987,23.237,79.9789,Sunny
2023-10-17 04:00:00+00:00,28.437,23.237,73.48148,Sunny
2023-10-17 05:00:00+00:00,29.536999,22.587,66.28689,Sunny
2023-10-17 06:00:00+00:00,30.137,22.337,63.072433,Sunny
2023-10-17 07:00:00+00:00,30.487,22.437,62.19652,Sunny
2023-10-17 08:00:00+00:00,30.687,22.237,60.74542,Sunny
2023-10-17 09:00:00+00:00,30.536999,21.137,57.284813,Rainy
2023-10-17 10:00:00+00:00,28.987,20.786999,61.29763,Rainy
2023-10-17 11:00:00+00:00,29.137,20.637,60.209286,Sunny
2023-10-17 12:00:00+00:00,26.036999,22.187,79.36714,Sunny
2023-10-17 13:00:00+00:00,24.887,22.887,88.67053,Sunny
2023-10-17 14:00:00+00:00,24.937,22.337,85.503746,Sunny
2023-10-17 15:00:00+00:00,24.587,21.837,84.68981,Sunny
2023-10-17 16:00:00+00:00,23.487,21.637,89.37432,Sunny
2023-10-17 17:00:00+00:00,22.786999,21.587,92.95335,Sunny
2023-10-17 18:00:00+00:00,23.337,21.637,90.18684,Sunny
2023-10-17 19:00:00+00:00,23.536999,21.536999,88.561935,Sunny
2023-10-17 20:00:00+00:00,21.887,20.837,93.7688,Sunny
2023-10-17 21:00:00+00:00,21.487,20.737,95.50011,Sunny
2023-10-17 22:00:00+00:00,21.036999,20.387,96.07656,Sunny
2023-10-17 23:00:00+00:00,20.937,20.337,96.3708,Sunny
2023-10-18 00:00:00+00:00,21.737,21.587,99.087166,Sunny
2023-10-18 01:00:00+00:00,22.737,22.237,97.00786,Sunny
2023-10-18 02:00:00+00:00,24.837,23.036999,89.74682,Sunny
2023-10-18 03:00:00+00:00,26.737,23.286999,81.408806,Sunny
2023-10-18 04:00:00+00:00,28.437,23.036999,72.59829,Sunny
2023-10-18 05:00:00+00:00,29.587,22.187,64.50797,Sunny
2023-10-18 06:00:00+00:00,30.137,21.687,60.621555,Sunny
2023-10-18 07:00:00+00:00,30.387,20.887,56.898335,Sunny
2023-10-18 08:00:00+00:00,30.337,20.237,54.820328,Cloudy
2023-10-18 09:00:00+00:00,29.687,19.637,54.83022,Sunny
2023-10-18 10:00:00+00:00,29.286999,20.887,60.61524,Sunny
2023-10-18 11:00:00+00:00,27.887,21.987,70.32953,Sunny
2023-10-18 12:00:00+00:00,26.337,21.437,74.481834,Sunny
2023-10-18 13:00:00+00:00,25.036999,21.487,80.69935,Sunny
2023-10-18 14:00:00+00:00,24.337,21.237,82.86766,Sunny
2023-10-18 15:00:00+00:00,24.187,20.987,82.34274,Sunny
2023-10-18 16:00:00+00:00,22.937,20.687,87.16203,Sunny
2023-10-18 17:00:00+00:00,22.687,20.087,85.2752,Sunny
2023-10-18 18:00:00+00:00,22.536999,19.786999,84.470856,Sunny
2023-10-18 19:00:00+00:00,22.237,19.637,85.22885,Sunny
2023-10-18 20:00:00+00:00,21.887,19.487,86.2591,Sunny
2023-10-18 21:00:00+00:00,21.437,19.286999,87.56893,Sunny
2023-10-18 22:00:00+00:00,20.837,19.187,90.28997,Sunny
2023-10-18 23:00:00+00:00,19.987,18.987,93.97394,Sunny
2023-10-19 00:00:00+00:00,20.337,19.487,94.87034,Sunny
2023-10-19 01:00:00+00:00,21.587,19.987,90.62253,Sunny
2023-10-19 02:00:00+00:00,23.487,20.937,85.619865,Sunny
2023-10-19 03:00:00+00:00,25.337,21.737,80.49203,Sunny
2023-10-19 04:00:00+00:00,27.087,22.087,74.151665,Sunny
2023-10-19 05:00:00+00:00,28.337,21.487,66.44825,Sunny
2023-10-19 06:00:00+00:00,28.887,20.937,62.225094,Sunny
2023-10-19 07:00:00+00:00,29.137,20.887,61.142975,Sunny
2023-10-19 08:00:00+00:00,29.286999,20.687,59.87374,Sunny
2023-10-19 09:00:00+00:00,29.187,20.237,58.571835,Rainy
2023-10-19 10:00:00+00:00,28.687,20.437,61.041782,Sunny
2023-10-19 11:00:00+00:00,27.237,21.737,71.948784,Sunny
2023-10-19 12:00:00+00:00,25.786999,19.286999,67.379814,Sunny
2023-10-19 13:00:00+00:00,25.286999,19.187,68.97958,Sunny
2023-10-19 14:00:00+00:00,24.036999,19.637,76.4404,Sunny
2023-10-19 15:00:00+00:00,22.937,20.087,83.99285,Sunny
2023-10-19 16:00:00+00:00,22.286999,19.987,86.833885,Sunny
2023-10-19 17:00:00+00:00,21.737,19.786999,88.68935,Sunny
2023-10-19 18:00:00+00:00,21.337,19.587,89.76592,Sunny
2023-10-19 19:00:00+00:00,20.987,19.637,91.999985,Sunny
2023-10-19 20:00:00+00:00,20.437,19.387,93.70207,Sunny
2023-10-19 21:00:00+00:00,20.087,19.286999,95.15656,Sunny
2023-10-19 22:00:00+00:00,19.687,19.137,96.63748,Sunny
2023-10-19 23:00:00+00:00,19.587,19.137,97.23927,Sunny
2023-10-20 00:00:00+00:00,19.337,19.187,99.07045,Sunny
2023-10-20 01:00:00+00:00,21.137,20.286999,94.900604,Sunny
2023-10-20 02:00:00+00:00,23.487,21.237,87.21165,Sunny
2023-10-20 03:00:00+00:00,25.637,21.786999,79.3121,Sunny
2023-10-20 04:00:00+00:00,27.387,21.837,71.756004,Sunny
2023-10-20 05:00:00+00:00,28.587,21.137,64.0998,Sunny
2023-10-20 06:00:00+00:00,29.387,19.937,56.834362,Sunny
2023-10-20 07:00:00+00:00,29.887,19.687,54.371254,Sunny
2023-10-20 08:00:00+00:00,29.887,19.087,52.379524,Sunny
2023-10-20 09:00:00+00:00,29.637,18.387,50.86366,Sunny
2023-10-20 10:00:00+00:00,28.587,19.786999,58.97742,Sunny
2023-10-20 11:00:00+00:00,26.887,20.387,67.59922,Sunny
2023-10-20 12:00:00+00:00,24.637,19.587,73.512535,Sunny
2023-10-20 13:00:00+00:00,24.887,18.937,69.55065,Sunny
2023-10-20 14:00:00+00:00,24.387,19.887,76.02225,Sunny
2023-10-20 15:00:00+00:00,23.036999,20.187,84.00394,Sunny
2023-10-20 16:00:00+00:00,22.786999,19.937,83.97623,Sunny
2023-10-20 17:00:00+00:00,23.137,19.786999,81.454834,Sunny
2023-10-20 18:00:00+00:00,21.937,19.587,86.532265,Sunny
2023-10-20 19:00:00+00:00,21.237,19.286999,88.64887,Sunny
2023-10-20 20:00:00+00:00,20.786999,19.137,90.28646,Sunny
2023-10-20 21:00:00+00:00,19.987,18.786999,92.8077,Sunny
2023-10-20 22:00:00+00:00,19.487,18.587,94.54165,Sunny
2023-10-20 23:00:00+00:00,18.987,18.387,96.317505,Sunny
2023-10-21 00:00:00+00:00,19.487,18.987,96.93442,Sunny
2023-10-21 01:00:00+00:00,20.937,19.887,93.72519,Sunny
2023-10-21 02:00:00+00:00,23.687,21.087,85.37743,Sunny
2023-10-21 03:00:00+00:00,25.887,21.286999,75.7905,Sunny
2023-10-21 04:00:00+00:00,27.536999,21.286999,68.775,Sunny
2023-10-21 05:00:00+00:00,28.687,21.087,63.533566,Sunny
2023-10-21 06:00:00+00:00,29.487,20.137,57.211212,Sunny
2023-10-21 07:00:00+00:00,30.036999,19.337,52.74481,Sunny
2023-10-21 08:00:00+00:00,30.286999,18.737,50.083817,Sunny
2023-10-21 09:00:00+00:00,30.286999,18.237,48.539772,Sunny
2023-10-21 10:00:00+00:00,29.737,19.137,52.998444,Sunny
2023-10-21 11:00:00+00:00,27.786999,20.737,65.52531,Sunny
2023-10-21 12:00:00+00:00,25.387,20.237,73.18658,Sunny
2023-10-21 13:00:00+00:00,24.987,19.637,72.21612,Sunny
2023-10-21 14:00:00+00:00,24.786999,18.837,69.531586,Sunny
2023-10-21 15:00:00+00:00,23.437,18.987,76.10937,Sunny
2023-10-21 16:00:00+00:00,23.837,18.687,72.91827,Sunny
2023-10-21 17:00:00+00:00,22.687,18.786999,78.65365,Sunny
2023-10-21 18:00:00+00:00,21.536999,18.937,85.156364,Sunny
2023-10-21 19:00:00+00:00,20.987,19.036999,88.628555,Sunny
2023-10-21 20:00:00+00:00,20.237,18.837,91.66945,Sunny
2023-10-21 21:00:00+00:00,20.087,18.587,91.08874,Sunny
2023-10-21 22:00:00+00:00,19.637,18.286999,91.92077,Sunny
2023-10-21 23:00:00+00:00,18.987,17.937,93.63433,Sunny
2023-10-22 00:00:00+00:00,19.687,18.587,93.374626,Sunny
2023-10-22 01:00:00+00:00,20.737,18.987,89.72166,Sunny
2023-10-22 02:00:00+00:00,23.337,19.786999,80.47653,Sunny
2023-10-22 03:00:00+00:00,25.987,20.337,71.06527,Sunny
2023-10-22 04:00:00+00:00,28.036999,20.987,65.57709,Sunny
2023-10-22 05:00:00+00:00,29.536999,20.687,59.01616,Sunny
2023-10-22 06:00:00+00:00,30.337,20.237,54.820328,Sunny
2023-10-22 07:00:00+00:00,30.987,19.786999,51.369064,Sunny
2023-10-22 08:00:00+00:00,31.137,19.237,49.22033,Sunny
2023-10-22 09:00:00+00:00,30.987,19.337,49.95305,Sunny
2023-10-22 10:00:00+00:00,30.487,20.087,53.84949,Sunny
2023-10-22 11:00:00+00:00,28.987,22.637,68.63484,Sunny
2023-10-22 12:00:00+00:00,28.637,19.937,59.355736,Sunny
2023-10-22 13:00:00+00:00,25.587,20.837,75.04782,Sunny
2023-10-22 14:00:00+00:00,24.087,20.687,81.32352,Sunny
2023-10-22 15:00:00+00:00,23.187,20.637,85.58974,Sunny
2023-10-22 16:00:00+00:00,22.987,20.337,85.043045,Sunny
2023-10-22 17:00:00+00:00,22.036999,19.987,88.16616,Sunny
2023-10-22 18:00:00+00:00,21.737,19.387,86.513245,Sunny
2023-10-22 19:00:00+00:00,21.237,18.937,86.73589,Sunny
2023-10-22 20:00:00+00:00,20.587,18.637,88.595955,Sunny
2023-10-22 21:00:00+00:00,20.286999,18.337,88.571434,Sunny
2023-10-22 22:00:00+00:00,19.786999,18.087,89.933075,Sunny
2023-10-22 23:00:00+00:00,19.487,17.737,89.628494,Sunny
2023-10-23 00:00:00+00:00,18.987,17.437,90.730194,Cloudy
2023-10-23 01:00:00+00:00,20.637,17.487,82.166466,Cloudy
2023-10-23 02:00:00+00:00,22.687,18.437,76.949936,Cloudy
2023-10-23 03:00:00+00:00,24.987,20.187,74.71918,Sunny
2023-10-23 04:00:00+00:00,27.487,20.487,65.665276,Sunny
2023-10-23 05:00:00+00:00,28.987,19.786999,57.62552,Sunny
2023-10-23 06:00:00+00:00,29.887,19.587,54.03476,Sunny
2023-10-23 07:00:00+00:00,30.487,19.487,51.882763,Sunny
2023-10-23 08:00:00+00:00,30.687,19.536999,51.45208,Sunny
2023-10-23 09:00:00+00:00,30.637,19.437,51.279705,Sunny
2023-10-23 10:00:00+00:00,30.387,19.187,51.215748,Sunny
2023-10-23 11:00:00+00:00,28.937,22.387,67.7964,Sunny
2023-10-23 12:00:00+00:00,28.887,18.437,53.282608,Cloudy
2023-10-23 13:00:00+00:00,27.187,18.937,60.702007,Cloudy
2023-10-23 14:00:00+00:00,25.036999,19.237,70.23257,Cloudy
2023-10-23 15:00:00+00:00,24.237,19.887,76.70871,Cloudy
2023-10-23 16:00:00+00:00,23.887,20.637,82.05342,Cloudy
2023-10-23 17:00:00+00:00,23.536999,20.887,85.10014,Cloudy
2023-10-23 18:00:00+00:00,23.036999,20.687,86.63607,Cloudy
2023-10-23 19:00:00+00:00,22.487,20.437,88.203896,Cloudy
2023-10-23 20:00:00+00:00,22.087,19.937,87.6261,Cloudy
2023-10-23 21:00:00+00:00,21.887,19.036999,83.87593,Cloudy
2023-10-23 22:00:00+00:00,21.587,18.137,80.749016,Sunny
2023-10-23 23:00:00+00:00,20.987,17.536999,80.66997,Sunny
2023-10-24 00:00:00+00:00,20.536999,17.837,84.518456,Sunny
2023-10-24 01:00:00+00:00,21.637,17.987,79.74733,Sunny
2023-10-24 02:00:00+00:00,24.036999,18.737,72.27266,Sunny
2023-10-24 03:00:00+00:00,26.337,19.437,65.83444,Sunny
2023-10-24 04:00:00+00:00,28.286999,19.987,60.7632,Sunny
2023-10-24 05:00:00+00:00,29.437,21.237,61.398266,Sunny
2023-10-24 06:00:00+00:00,30.286999,21.387,59.00883,Sunny
2023-10-24 07:00:00+00:00,30.286999,20.987,57.578266,Rainy
2023-10-24 08:00:00+00:00,30.337,20.987,57.413452,Sunny
2023-10-24 09:00:00+00:00,30.387,20.786999,56.54938,Sunny
2023-10-24 10:00:00+00:00,29.987,20.237,55.932617,Rainy
2023-10-24 11:00:00+00:00,28.437,22.387,69.79182,Cloudy
2023-10-24 12:00:00+00:00,26.587,22.286999,77.300285,Sunny
2023-10-24 13:00:00+00:00,25.786999,21.937,79.33278,Sunny
2023-10-24 14:00:00+00:00,25.286999,21.737,80.7318,Sunny
2023-10-24 15:00:00+00:00,24.587,21.737,84.17412,Sunny
2023-10-24 16:00:00+00:00,24.437,21.237,82.37282,Sunny
2023-10-24 17:00:00+00:00,23.587,20.587,83.291435,Sunny
2023-10-24 18:00:00+00:00,22.786999,20.637,87.68726,Sunny
2023-10-24 19:00:00+00:00,22.087,20.737,92.0637,Sunny
2023-10-24 20:00:00+00:00,21.587,20.536999,93.75505,Sunny
2023-10-24 21:00:00+00:00,21.087,20.286999,95.19232,Sunny
2023-10-24 22:00:00+00:00,20.536999,19.786999,95.46834,Sunny
2023-10-24 23:00:00+00:00,20.187,19.286999,94.56988,Sunny
2023-10-25 00:00:00+00:00,19.987,18.837,93.09808,Sunny
2023-10-25 01:00:00+00:00,21.286999,19.937,92.017456,Sunny
2023-10-25 02:00:00+00:00,23.587,20.337,82.016655,Sunny
2023-10-25 03:00:00+00:00,26.237,21.187,73.783585,Sunny
2023-10-25 04:00:00+00:00,28.337,21.187,65.23769,Sunny
2023-10-25 05:00:00+00:00,29.687,20.937,59.415207,Sunny
2023-10-25 06:00:00+00:00,30.487,20.286999,54.519444,Sunny
2023-10-25 07:00:00+00:00,31.087,19.587,50.446938,Sunny
2023-10-25 08:00:00+00:00,31.337,19.286999,48.81468,Sunny
2023-10-25 09:00:00+00:00,31.087,19.237,49.360783,Sunny
2023-10-25 10:00:00+00:00,30.387,20.286999,54.832607,Sunny
2023-10-25 11:00:00+00:00,28.286999,21.587,67.05088,Sunny
2023-10-25 12:00:00+00:00,26.286999,19.687,67.06248,Sunny
2023-10-25 13:00:00+00:00,26.036999,18.387,62.760464,Sunny
2023-10-25 14:00:00+00:00,24.987,18.536999,67.429756,Sunny
2023-10-25 15:00:00+00:00,24.387,18.837,71.21501,Sunny
2023-10-25 16:00:00+00:00,23.687,19.237,76.14863,Sunny
2023-10-25 17:00:00+00:00,23.187,19.237,78.48039,Sunny
2023-10-25 18:00:00+00:00,22.737,19.137,80.14695,Sunny
2023-10-25 19:00:00+00:00,22.286999,19.137,82.36801,Sunny
2023-10-25 20:00:00+00:00,21.737,19.187,85.44289,Sunny
2023-10-25 21:00:00+00:00,21.337,19.237,87.833206,Sunny
2023-10-25 22:00:00+00:00,21.036999,19.237,89.4649,Sunny
2023-10-25 23:00:00+00:00,20.837,19.237,90.57158,Sunny
2023-10-26 00:00:00+00:00,20.687,19.237,91.41171,Sunny
2023-10-26 01:00:00+00:00,21.687,19.536999,87.59097,Sunny
2023-10-26 02:00:00+00:00,23.587,20.387,82.270226,Sunny
2023-10-26 03:00:00+00:00,25.587,21.087,76.20985,Sunny
2023-10-26 04:00:00+00:00,27.487,21.637,70.47061,Sunny
2023-10-26 05:00:00+00:00,29.036999,21.536999,63.999348,Sunny
2023-10-26 06:00:00+00:00,29.786999,20.837,58.711998,Sunny
2023-10-26 07:00:00+00:00,29.887,20.387,56.77867,Sunny
2023-10-26 08:00:00+00:00,29.786999,20.137,56.230915,Sunny
2023-10-26 09:00:00+00:00,29.737,19.987,55.871944,Sunny
2023-10-26 10:00:00+00:00,29.087,20.337,59.27655,Sunny
2023-10-26 11:00:00+00:00,27.487,21.087,68.135284,Sunny
2023-10-26 12:00:00+00:00,26.286999,19.387,65.8241,Sunny
2023-10-26 13:00:00+00:00,25.786999,18.337,63.497196,Sunny
2023-10-26 14:00:00+00:00,24.786999,18.837,69.531586,Sunny
2023-10-26 15:00:00+00:00,24.187,18.137,68.98239,Sunny
2023-10-26 16:00:00+00:00,23.587,16.987,66.51237,Sunny
2023-10-26 17:00:00+00:00,23.087,16.286999,65.569145,Sunny
2023-10-26 18:00:00+00:00,22.637,15.787001,65.26521,Sunny
2023-10-26 19:00:00+00:00,21.837,15.787001,68.52205,Sunny
2023-10-26 20:00:00+00:00,20.987,15.937,72.87931,Sunny
2023-10-26 21:00:00+00:00,20.387,16.036999,76.107155,Sunny
2023-10-26 22:00:00+00:00,19.837,16.187,79.49795,Sunny
2023-10-26 23:00:00+00:00,19.337,16.286999,82.5295,Sunny
2023-10-27 00:00:00+00:00,18.737,16.387,86.22351,Sunny
2023-10-27 01:00:00+00:00,20.237,17.487,84.21973,Sunny
2023-10-27 02:00:00+00:00,22.587,18.487,77.661194,Sunny
2023-10-27 03:00:00+00:00,25.087,19.087,69.37221,Sunny
2023-10-27 04:00:00+00:00,26.887,19.437,63.735527,Sunny
2023-10-27 05:00:00+00:00,28.286999,19.437,58.724606,Sunny
2023-10-27 06:00:00+00:00,29.387,18.237,51.119095,Sunny
2023-10-27 07:00:00+00:00,30.187,15.137,40.09544,Sunny
2023-10-27 08:00:00+00:00,30.286999,13.887,36.774525,Sunny
2023-10-27 09:00:00+00:00,30.036999,14.237,38.161766,Sunny
2023-10-27 10:00:00+00:00,29.036999,16.937,48.057774,Sunny
2023-10-27 11:00:00+00:00,26.487,20.587,70.06925,Sunny
2023-10-27 12:00:00+00:00,24.237,18.087,68.5602,Sunny
2023-10-27 13:00:00+00:00,23.687,17.237,67.1674,Sunny
2023-10-27 14:00:00+00:00,23.137,17.036999,68.560455,Sunny
2023-10-27 15:00:00+00:00,21.786999,16.536999,72.09806,Sunny
2023-10-27 16:00:00+00:00,21.237,15.987,71.99884,Sunny
2023-10-27 17:00:00+00:00,20.887,15.337001,70.565575,Sunny
2023-10-27 18:00:00+00:00,20.087,15.187,73.42448,Sunny
2023-10-27 19:00:00+00:00,19.536999,15.187,75.97139,Sunny
2023-10-27 20:00:00+00:00,19.187,15.487,79.15283,Sunny
2023-10-27 21:00:00+00:00,19.387,15.587001,78.67598,Sunny
2023-10-27 22:00:00+00:00,19.337,15.537001,78.66871,Sunny
2023-10-27 23:00:00+00:00,17.937,15.437,85.32067,Sunny
2023-10-28 00:00:00+00:00,18.687,15.437,81.40057,Sunny
2023-10-28 01:00:00+00:00,19.786999,16.637,82.06132,Sunny
2023-10-28 02:00:00+00:00,22.536999,17.887,75.01801,Sunny
2023-10-28 03:00:00+00:00,25.137,17.937,64.360374,Sunny
2023-10-28 04:00:00+00:00,26.987,17.887,57.50772,Sunny
2023-10-28 05:00:00+00:00,28.437,17.286999,50.874023,Sunny
2023-10-28 06:00:00+00:00,29.487,15.187,41.87731,Sunny
2023-10-28 07:00:00+00:00,29.887,14.387,38.867435,Sunny
2023-10-28 08:00:00+00:00,29.987,14.087001,37.901615,Sunny
2023-10-28 09:00:00+00:00,29.887,13.837001,37.50705,Sunny
2023-10-28 10:00:00+00:00,29.036999,15.937,45.095455,Sunny
2023-10-28 11:00:00+00:00,26.337,18.087,60.50775,Sunny
2023-10-28 12:00:00+00:00,24.187,15.287001,57.564514,Sunny
2023-10-28 13:00:00+00:00,23.786999,15.687,60.49572,Sunny
2023-10-28 14:00:00+00:00,22.786999,15.787001,64.674126,Sunny
2023-10-28 15:00:00+00:00,22.337,15.237,64.164024,Sunny
2023-10-28 16:00:00+00:00,21.387,14.487,64.78879,Sunny
2023-10-28 17:00:00+00:00,20.837,14.737,68.10351,Sunny
2023-10-28 18:00:00+00:00,20.387,14.937,70.92636,Sunny
2023-10-28 19:00:00+00:00,19.387,15.337001,77.425186,Sunny
2023-10-28 20:00:00+00:00,19.036999,15.587001,80.40987,Sunny
2023-10-28 21:00:00+00:00,19.036999,15.837001,81.70636,Sunny
2023-10-28 22:00:00+00:00,18.887,16.387,85.41928,Sunny
2023-10-28 23:00:00+00:00,18.487,16.837,90.123116,Sunny
2023-10-29 00:00:00+00:00,18.087,16.887,92.70635,Sunny
2023-10-29 01:00:00+00:00,19.536999,17.687,89.06944,Sunny
2023-10-29 02:00:00+00:00,22.387,19.137,81.86853,Sunny
2023-10-29 03:00:00+00:00,25.036999,19.687,72.22498,Sunny
2023-10-29 04:00:00+00:00,27.087,19.987,65.17773,Sunny
2023-10-29 05:00:00+00:00,28.536999,19.536999,58.238155,Sunny
2023-10-29 06:00:00+00:00,29.437,19.036999,53.58762,Sunny
2023-10-29 07:00:00+00:00,29.987,18.837,51.27312,Sunny
2023-10-29 08:00:00+00:00,30.337,18.387,48.858273,Sunny
2023-10-29 09:00:00+00:00,30.337,17.887,47.34804,Sunny
2023-10-29 10:00:00+00:00,29.786999,18.637,51.221836,Sunny
2023-10-29 11:00:00+00:00,27.786999,21.487,68.61281,Sunny
2023-10-29 12:00:00+00:00,26.337,19.487,66.0394,Sunny
2023-10-29 13:00:00+00:00,26.587,18.786999,62.29517,Sunny
2023-10-29 14:00:00+00:00,26.237,18.337,61.828655,Sunny
2023-10-29 15:00:00+00:00,25.637,17.987,62.672134,Sunny
2023-10-29 16:00:00+00:00,22.837,17.837,73.43365,Sunny
2023-10-29 17:00:00+00:00,22.737,16.987,70.01917,Sunny
2023-10-29 18:00:00+00:00,21.837,16.837,73.260666,Sunny
2023-10-29 19:00:00+00:00,20.337,16.937,80.83963,Sunny
2023-10-29 20:00:00+00:00,19.337,17.487,89.05365,Sunny
2023-10-29 21:00:00+00:00,19.036999,17.687,91.88521,Sunny
2023-10-29 22:00:00+00:00,18.837,17.786999,93.627235,Sunny
2023-10-29 23:00:00+00:00,18.437,17.487,94.20122,Sunny
2023-10-30 00:00:00+00:00,17.737,16.937,95.07094,Sunny
2023-10-30 01:00:00+00:00,19.737,17.786999,88.5262,Sunny
2023-10-30 02:00:00+00:00,22.487,18.687,79.11836,Sunny
2023-10-30 03:00:00+00:00,25.187,19.587,71.13945,Sunny
2023-10-30 04:00:00+00:00,27.337,19.737,63.241543,Sunny
2023-10-30 05:00:00+00:00,28.987,19.437,56.38667,Sunny
2023-10-30 06:00:00+00:00,29.987,18.887,51.43346,Sunny
2023-10-30 07:00:00+00:00,30.536999,18.437,48.45339,Sunny
2023-10-30 08:00:00+00:00,30.737,18.286999,47.45398,Sunny
2023-10-30 09:00:00+00:00,30.687,18.087,46.99607,Sunny
2023-10-30 10:00:00+00:00,30.187,18.587,49.90155,Sunny
2023-10-30 11:00:00+00:00,27.587,21.687,70.27399,Sunny
2023-10-30 12:00:00+00:00,25.887,19.887,69.52479,Sunny
2023-10-30 13:00:00+00:00,24.887,18.786999,68.902176,Sunny
2023-10-30 14:00:00+00:00,24.587,18.237,67.77343,Cloudy
2023-10-30 15:00:00+00:00,24.036999,18.286999,70.26461,Cloudy
2023-10-30 16:00:00+00:00,22.786999,18.837,78.42273,Cloudy
2023-10-30 17:00:00+00:00,21.887,18.937,83.35427,Sunny
2023-10-30 18:00:00+00:00,21.087,18.937,87.53798,Sunny
2023-10-30 19:00:00+00:00,20.687,18.637,88.05179,Sunny
2023-10-30 20:00:00+00:00,20.536999,18.437,87.763695,Sunny
2023-10-30 21:00:00+00:00,20.337,18.237,87.74621,Sunny
2023-10-30 22:00:00+00:00,20.036999,18.036999,88.273155,Cloudy
2023-10-30 23:00:00+00:00,19.987,17.687,86.61785,Cloudy
2023-10-31 00:00:00+00:00,19.987,17.437,85.262726,Sunny
2023-10-31 01:00:00+00:00,21.187,17.887,81.46201,Sunny
2023-10-31 02:00:00+00:00,23.587,18.737,74.255745,Sunny
2023-10-31 03:00:00+00:00,26.286999,19.737,67.27086,Sunny
2023-10-31 04:00:00+00:00,28.437,19.937,60.049217,Sunny
2023-10-31 05:00:00+00:00,29.837,20.036999,55.723537,Sunny
2023-10-31 06:00:00+00:00,30.737,19.637,51.62487,Sunny
2023-10-31 07:00:00+00:00,31.337,18.637,46.87431,Sunny
2023-10-31 08:00:00+00:00,31.387,18.687,46.887585,Sunny
2023-10-31 09:00:00+00:00,31.137,19.137,48.914658,Sunny
2023-10-31 10:00:00+00:00,30.437,20.187,54.338917,Sunny
2023-10-31 11:00:00+00:00,28.286999,23.087,73.45622,Sunny
2023-10-31 12:00:00+00:00,26.036999,21.237,74.89055,Sunny
2023-10-31 13:00:00+00:00,25.536999,20.087,71.8675,Sunny
2023-10-31 14:00:00+00:00,24.887,20.036999,74.47201,Sunny
2023-10-31 15:00:00+00:00,24.137,20.087,78.13182,Sunny
2023-10-31 16:00:00+00:00,23.487,19.837,79.99912,Sunny
2023-10-31 17:00:00+00:00,22.637,19.737,83.699615,Sunny
2023-10-31 18:00:00+00:00,22.387,19.387,83.15276,Sunny
2023-10-31 19:00:00+00:00,21.487,19.337,87.57334,Sunny
2023-10-31 20:00:00+00:00,20.887,19.187,90.01273,Sunny
2023-10-31 21:00:00+00:00,20.786999,19.036999,89.72535,Cloudy
2023-10-31 22:00:00+00:00,20.687,18.737,88.60414,Cloudy
2023-10-31 23:00:00+00:00,20.437,18.437,88.306694,Cloudy
2023-11-01 00:00:00+00:00,20.036999,18.087,88.55094,Sunny
2023-11-01 01:00:00+00:00,20.786999,18.137,84.81143,Sunny
2023-11-01 02:00:00+00:00,23.437,18.737,74.930336,Sunny
2023-11-01 03:00:00+00:00,26.187,19.637,67.25078,Sunny
2023-11-01 04:00:00+00:00,28.286999,20.387,62.284534,Sunny
2023-11-01 05:00:00+00:00,29.687,20.887,59.23283,Sunny
2023-11-01 06:00:00+00:00,30.387,20.887,56.898335,Cloudy
2023-11-01 07:00:00+00:00,30.937,20.536999,53.96116,Cloudy
2023-11-01 08:00:00+00:00,31.237,20.337,52.395603,Cloudy
2023-11-01 09:00:00+00:00,31.087,20.337,52.84528,Sunny
2023-11-01 10:00:00+00:00,30.687,20.487,54.568718,Sunny
2023-11-01 11:00:00+00:00,29.087,23.637,72.491806,Sunny
2023-11-01 12:00:00+00:00,29.337,20.337,58.426285,Sunny
2023-11-01 13:00:00+00:00,26.286999,21.036999,72.89169,Sunny
2023-11-01 14:00:00+00:00,25.987,20.687,72.615845,Sunny
2023-11-01 15:00:00+00:00,24.286999,21.036999,82.10227,Cloudy
2023-11-01 16:00:00+00:00,24.087,20.687,81.32352,Sunny
2023-11-01 17:00:00+00:00,23.637,20.387,82.022804,Sunny
2023-11-01 18:00:00+00:00,23.237,20.387,84.026024,Sunny
2023-11-01 19:00:00+00:00,22.487,20.286999,87.3908,Sunny
2023-11-01 20:00:00+00:00,22.237,20.237,88.45591,Sunny
2023-11-01 21:00:00+00:00,21.637,20.036999,90.62591,Sunny
2023-11-01 22:00:00+00:00,21.036999,19.687,92.00291,Sunny
2023-11-01 23:00:00+00:00,20.887,19.587,92.28034,Sunny
2023-11-02 00:00:00+00:00,20.387,19.286999,93.40865,Sunny
2023-11-02 01:00:00+00:00,21.187,19.536999,90.31446,Sunny
2023-11-02 02:00:00+00:00,23.687,20.237,81.02209,Sunny
2023-11-02 03:00:00+00:00,26.237,20.387,70.238945,Sunny
2023-11-02 04:00:00+00:00,28.137,20.987,65.19606,Sunny
2023-11-02 05:00:00+00:00,29.487,20.887,59.919533,Cloudy
2023-11-02 06:00:00+00:00,30.087,20.187,55.44063,Sunny
2023-11-02 07:00:00+00:00,30.437,20.137,54.171173,Sunny
2023-11-02 08:00:00+00:00,30.487,19.937,53.351772,Sunny
2023-11-02 09:00:00+00:00,30.487,19.637,52.36843,Sunny
2023-11-02 10:00:00+00:00,30.137,19.737,53.76242,Sunny
2023-11-02 11:00:00+00:00,28.286999,21.637,67.25621,Cloudy
2023-11-02 12:00:00+00:00,26.286999,20.137,68.958374,Sunny
2023-11-02 13:00:00+00:00,26.337,19.487,66.0394,Sunny
2023-11-02 14:00:00+00:00,25.337,19.536999,70.288635,Sunny
2023-11-02 15:00:00+00:00,24.137,19.837,76.9315,Sunny
2023-11-02 16:00:00+00:00,23.337,19.536999,79.23737,Sunny
2023-11-02 17:00:00+00:00,22.786999,19.487,81.663994,Sunny
2023-11-02 18:00:00+00:00,23.237,19.137,77.75773,Sunny
2023-11-02 19:00:00+00:00,22.937,18.987,78.444374,Sunny
2023-11-02 20:00:00+00:00,21.937,18.937,83.10034,Sunny
2023-11-02 21:00:00+00:00,22.837,18.837,78.18542,Sunny
2023-11-02 22:00:00+00:00,21.937,18.837,82.58311,Sunny
2023-11-02 23:00:00+00:00,21.087,18.837,86.993126,Sunny
2023-11-03 00:00:00+00:00,19.387,18.487,94.53762,Sunny
2023-11-03 01:00:00+00:00,20.837,19.987,94.88928,Sunny
2023-11-03 02:00:00+00:00,23.286999,20.437,84.031555,Sunny
2023-11-03 03:00:00+00:00,25.487,20.737,75.03164,Sunny
2023-11-03 04:00:00+00:00,27.337,20.786999,67.48046,Sunny
2023-11-03 05:00:00+00:00,28.687,20.286999,60.479076,Sunny
2023-11-03 06:00:00+00:00,29.437,18.987,53.420757,Rainy
2023-11-03 07:00:00+00:00,29.987,17.937,48.460903,Sunny
2023-11-03 08:00:00+00:00,30.087,17.437,46.68889,Sunny
2023-11-03 09:00:00+00:00,29.887,17.536999,47.527576,Sunny
2023-11-03 10:00:00+00:00,29.387,17.987,50.322678,Sunny
2023-11-03 11:00:00+00:00,27.786999,21.487,68.61281,Sunny
2023-11-03 12:00:00+00:00,27.687,18.887,58.766914,Sunny
2023-11-03 13:00:00+00:00,26.036999,17.387,58.933395,Sunny
2023-11-03 14:00:00+00:00,24.937,17.837,64.7237,Sunny
2023-11-03 15:00:00+00:00,23.587,18.786999,74.488144,Sunny
2023-11-03 16:00:00+00:00,23.137,19.036999,77.74292,Sunny
2023-11-03 17:00:00+00:00,22.786999,18.536999,76.965225,Sunny
2023-11-03 18:00:00+00:00,22.087,18.637,80.81452,Sunny
2023-11-03 19:00:00+00:00,21.587,18.637,83.319626,Sunny
2023-11-03 20:00:00+00:00,21.237,18.587,84.85924,Sunny
2023-11-03 21:00:00+00:00,20.487,18.687,89.42312,Sunny
2023-11-03 22:00:00+00:00,21.387,18.387,83.03592,Sunny
2023-11-03 23:00:00+00:00,20.937,18.387,85.360916,Sunny
2023-11-04 00:00:00+00:00,20.737,18.387,86.417656,Sunny
2023-11-04 01:00:00+00:00,20.837,19.087,89.72905,Sunny
2023-11-04 02:00:00+00:00,22.587,19.837,84.47624,Sunny
2023-11-04 03:00:00+00:00,24.837,20.286999,75.8582,Sunny
2023-11-04 04:00:00+00:00,26.837,20.286999,67.38087,Sunny
2023-11-04 05:00:00+00:00,28.437,19.437,58.21456,Sunny
2023-11-04 06:00:00+00:00,29.737,17.737,48.54777,Sunny
2023-11-04 07:00:00+00:00,29.987,17.237,46.368202,Sunny
2023-11-04 08:00:00+00:00,29.937,16.887,45.48245,Sunny
2023-11-04 09:00:00+00:00,29.737,16.837,45.86313,Sunny
2023-11-04 10:00:00+00:00,29.237,17.237,48.416016,Sunny
2023-11-04 11:00:00+00:00,26.737,19.536999,64.701256,Sunny
2023-11-04 12:00:00+00:00,24.536999,18.737,70.13876,Sunny
2023-11-04 13:00:00+00:00,24.337,17.036999,63.7832,Sunny
2023-11-04 14:00:00+00:00,23.637,17.087,66.73363,Sunny
2023-11-04 15:00:00+00:00,22.536999,17.286999,72.23255,Sunny
2023-11-04 16:00:00+00:00,21.437,17.337,77.48893,Sunny
2023-11-04 17:00:00+00:00,21.237,17.036999,76.96995,Cloudy
2023-11-04 18:00:00+00:00,20.687,16.987,79.36451,Sunny
2023-11-04 19:00:00+00:00,19.687,17.137,85.23152,Sunny
2023-11-04 20:00:00+00:00,19.987,16.887,82.34681,Sunny
2023-11-04 21:00:00+00:00,19.837,16.737,82.32846,Sunny
2023-11-04 22:00:00+00:00,20.487,16.536999,78.086685,Sunny
2023-11-04 23:00:00+00:00,20.437,16.437,77.83137,Sunny
2023-11-05 00:00:00+00:00,20.036999,16.437,79.77932,Sunny
2023-11-05 01:00:00+00:00,20.187,18.437,89.68082,Sunny
2023-11-05 02:00:00+00:00,22.036999,18.437,80.05258,Sunny
2023-11-05 03:00:00+00:00,24.237,18.637,70.96528,Sunny
2023-11-05 04:00:00+00:00,26.337,18.887,63.616596,Sunny
2023-11-05 05:00:00+00:00,27.786999,18.937,58.607235,Sunny
2023-11-05 06:00:00+00:00,29.036999,17.737,50.54938,Sunny
2023-11-05 07:00:00+00:00,29.837,15.887,42.923958,Sunny
2023-11-05 08:00:00+00:00,29.937,15.337001,41.201054,Sunny
2023-11-05 09:00:00+00:00,29.837,14.937,40.387016,Sunny
2023-11-05 10:00:00+00:00,29.187,16.387,46.007153,Sunny
2023-11-05 11:00:00+00:00,27.387,19.036999,60.369987,Sunny
2023-11-05 12:00:00+00:00,24.637,17.536999,64.65972,Sunny
2023-11-05 13:00:00+00:00,23.987,17.286999,66.175186,Sunny
2023-11-05 14:00:00+00:00,23.286999,16.637,66.2398,Sunny
2023-11-05 15:00:00+00:00,23.187,16.587,66.429825,Sunny
2023-11-05 16:00:00+00:00,21.987,16.437,70.77181,Sunny
2023-11-05 17:00:00+00:00,21.187,16.387,74.085175,Sunny
2023-11-05 18:00:00+00:00,20.437,16.587,78.57727,Sunny
2023-11-05 19:00:00+00:00,20.137,17.087,82.62635,Sunny
2023-11-05 20:00:00+00:00,19.536999,17.487,87.953125,Sunny
2023-11-05 21:00:00+00:00,19.036999,17.637,91.59609,Sunny
2023-11-05 22:00:00+00:00,18.487,17.487,93.90663,Sunny
2023-11-05 23:00:00+00:00,17.887,17.187,95.68004,Sunny
2023-11-06 00:00:00+00:00,17.837,17.187,95.98155,Sunny
2023-11-06 01:00:00+00:00,19.637,19.087,96.63624,Sunny
2023-11-06 02:00:00+00:00,21.987,19.937,88.16192,Sunny
2023-11-06 03:00:00+00:00,24.337,20.587,79.62122,Sunny
2023-11-06 04:00:00+00:00,26.237,20.687,71.55028,Sunny
2023-11-06 05:00:00+00:00,27.637,19.786999,62.333775,Sunny
2023-11-06 06:00:00+00:00,28.786999,17.937,51.93634,Sunny
2023-11-06 07:00:00+00:00,29.587,16.286999,44.67182,Sunny
2023-11-06 08:00:00+00:00,29.687,15.687,42.74599,Sunny
2023-11-06 09:00:00+00:00,29.437,15.387,42.540924,Sunny
2023-11-06 10:00:00+00:00,28.837,16.036999,45.91295,Sunny
2023-11-06 11:00:00+00:00,26.337,18.937,63.81548,Sunny
2023-11-06 12:00:00+00:00,24.737,17.737,65.08993,Sunny
2023-11-06 13:00:00+00:00,23.987,17.286999,66.175186,Sunny
2023-11-06 14:00:00+00:00,23.437,17.036999,67.3295,Sunny
2023-11-06 15:00:00+00:00,22.187,16.937,72.1699,Sunny
2023-11-06 16:00:00+00:00,21.587,16.286999,71.83294,Sunny
2023-11-06 17:00:00+00:00,20.786999,15.987,74.01714,Sunny
2023-11-06 18:00:00+00:00,19.437,16.137,81.23743,Sunny
2023-11-06 19:00:00+00:00,18.786999,16.036999,84.05838,Sunny
2023-11-06 20:00:00+00:00,18.487,15.937,85.10571,Sunny
2023-11-06 21:00:00+00:00,19.036999,15.837001,81.70636,Sunny
2023-11-06 22:00:00+00:00,18.737,15.737,82.7206,Sunny
2023-11-06 23:00:00+00:00,17.987,15.487,85.3259,Sunny
2023-11-07 00:00:00+00:00,18.286999,15.487,83.7335,Sunny
2023-11-07 01:00:00+00:00,19.087,16.137,83.02707,Sunny
2023-11-07 02:00:00+00:00,21.237,17.536999,79.44134,Sunny
2023-11-07 03:00:00+00:00,24.087,17.536999,66.82565,Sunny
2023-11-07 04:00:00+00:00,26.087,17.487,59.131504,Sunny
2023-11-07 05:00:00+00:00,27.587,17.087,52.786755,Sunny
2023-11-07 06:00:00+00:00,28.587,16.337,47.48301,Sunny
2023-11-07 07:00:00+00:00,29.286999,15.987,44.590508,Sunny
2023-11-07 08:00:00+00:00,29.536999,15.387,42.296288,Cloudy
2023-11-07 09:00:00+00:00,29.087,15.087001,42.581585,Sunny
2023-11-07 10:00:00+00:00,28.536999,15.637,45.539722,Sunny
2023-11-07 11:00:00+00:00,26.437,16.087,52.99827,Sunny
2023-11-07 12:00:00+00:00,24.737,15.637,56.9639,Sunny
2023-11-07 13:00:00+00:00,23.487,16.137,63.395237,Sunny
2023-11-07 14:00:00+00:00,22.337,16.637,70.16564,Sunny
2023-11-07 15:00:00+00:00,21.237,16.937,76.483864,Sunny
2023-11-07 16:00:00+00:00,20.437,17.036999,80.85277,Sunny
2023-11-07 17:00:00+00:00,19.987,16.987,82.87038,Sunny
2023-11-07 18:00:00+00:00,19.786999,16.987,83.90376,Sunny
2023-11-07 19:00:00+00:00,19.536999,16.937,84.94633,Sunny
2023-11-07 20:00:00+00:00,19.087,16.687,85.9844,Sunny
2023-11-07 21:00:00+00:00,18.737,16.487,86.77385,Sunny
2023-11-07 22:00:00+00:00,18.237,16.387,88.96626,Sunny
2023-11-07 23:00:00+00:00,17.786999,16.237,90.648605,Sunny
2023-11-08 00:00:00+00:00,17.286999,15.987,92.07359,Sunny
2023-11-08 01:00:00+00:00,18.786999,16.937,89.01009,Sunny
2023-11-08 02:00:00+00:00,21.137,17.637,80.43591,Sunny
2023-11-08 03:00:00+00:00,23.587,18.187,71.74103,Sunny
2023-11-08 04:00:00+00:00,25.737,18.387,63.8856,Sunny
2023-11-08 05:00:00+00:00,27.587,18.286999,56.9331,Sunny
2023-11-08 06:00:00+00:00,28.887,17.737,50.990295,Sunny
2023-11-08 07:00:00+00:00,29.587,17.137,47.148746,Sunny
2023-11-08 08:00:00+00:00,29.837,16.286999,44.033375,Sunny
2023-11-08 09:00:00+00:00,29.536999,16.286999,44.800766,Sunny
2023-11-08 10:00:00+00:00,28.687,17.087,49.51048,Sunny
2023-11-08 11:00:00+00:00,26.437,17.937,59.587273,Sunny
2023-11-08 12:00:00+00:00,24.487,17.737,66.07025,Sunny
2023-11-08 13:00:00+00:00,23.737,18.036999,70.42921,Sunny
2023-11-08 14:00:00+00:00,23.137,18.036999,73.02504,Sunny
2023-11-08 15:00:00+00:00,22.687,17.987,74.80708,Sunny
2023-11-08 16:00:00+00:00,22.737,17.887,74.11296,Sunny
2023-11-08 17:00:00+00:00,21.237,17.987,81.72491,Sunny
2023-11-08 18:00:00+00:00,20.737,18.036999,84.54008,Sunny
2023-11-08 19:00:00+00:00,20.036999,17.937,87.71995,Sunny
2023-11-08 20:00:00+00:00,19.536999,17.786999,89.63224,Sunny
2023-11-08 21:00:00+00:00,19.587,17.837,89.636,Sunny
2023-11-08 22:00:00+00:00,19.587,17.937,90.20174,Sunny
2023-11-08 23:00:00+00:00,19.087,17.837,92.468575,Sunny
2023-11-09 00:00:00+00:00,18.637,17.737,94.50709,Sunny
2023-11-09 01:00:00+00:00,17.987,17.187,95.08016,Sunny
2023-11-09 02:00:00+00:00,20.837,17.786999,82.71039,Sunny
2023-11-09 03:00:00+00:00,23.937,18.637,72.25488,Sunny
2023-11-09 04:00:00+00:00,26.137,18.987,64.77575,Sunny
2023-11-09 05:00:00+00:00,27.687,17.987,55.544888,Sunny
2023-11-09 06:00:00+00:00,28.587,16.987,49.484276,Sunny
2023-11-09 07:00:00+00:00,29.087,16.337,46.1269,Sunny
2023-11-09 08:00:00+00:00,29.286999,15.887,44.306625,Sunny
2023-11-09 09:00:00+00:00,29.187,15.187,42.609013,Sunny
2023-11-09 10:00:00+00:00,28.437,15.387,45.07715,Sunny
2023-11-09 11:00:00+00:00,26.337,15.987,52.972775,Sunny
2023-11-09 12:00:00+00:00,24.987,15.587001,55.940895,Sunny
2023-11-09 13:00:00+00:00,24.187,15.587001,58.682465,Sunny
2023-11-09 14:00:00+00:00,22.637,16.637,68.89834,Sunny
2023-11-09 15:00:00+00:00,21.437,17.437,77.97988,Sunny
2023-11-09 16:00:00+00:00,20.737,17.437,81.404625,Sunny
2023-11-09 17:00:00+00:00,19.887,17.187,84.44772,Sunny
2023-11-09 18:00:00+00:00,19.036999,16.737,86.52715,Sunny
2023-11-09 19:00:00+00:00,19.637,16.137,80.23424,Sunny
2023-11-09 20:00:00+00:00,20.187,15.637,75.10824,Sunny
2023-11-09 21:00:00+00:00,17.937,15.537001,85.86926,Sunny
2023-11-09 22:00:00+00:00,17.536999,15.487,87.77862,Sunny
2023-11-09 23:00:00+00:00,16.837,15.387,91.16631,Sunny
2023-11-10 00:00:00+00:00,16.337,15.187,92.909134,Sunny
2023-11-10 01:00:00+00:00,17.437,16.087,91.78917,Sunny
2023-11-10 02:00:00+00:00,20.187,16.587,79.799995,Sunny
2023-11-10 03:00:00+00:00,23.337,17.337,69.034744,Sunny
2023-11-10 04:00:00+00:00,25.587,17.286999,60.14495,Sunny
2023-11-10 05:00:00+00:00,27.187,17.337,54.899326,Sunny
2023-11-10 06:00:00+00:00,28.237,16.687,49.54956,Sunny
2023-11-10 07:00:00+00:00,28.837,16.087,46.05967,Sunny
2023-11-10 08:00:00+00:00,29.036999,15.587001,44.09725,Sunny
2023-11-10 09:00:00+00:00,28.887,15.137,43.216103,Sunny
2023-11-10 10:00:00+00:00,28.286999,15.187,44.892048,Sunny
2023-11-10 11:00:00+00:00,25.637,17.437,60.537685,Sunny
2023-11-10 12:00:00+00:00,23.737,16.036999,62.05047,Sunny
2023-11-10 13:00:00+00:00,23.737,15.387,59.522926,Sunny
2023-11-10 14:00:00+00:00,22.237,15.287001,64.763214,Sunny
2023-11-10 15:00:00+00:00,22.137,15.437,65.78883,Sunny
2023-11-10 16:00:00+00:00,20.536999,16.137,75.8887,Sunny
2023-11-10 17:00:00+00:00,19.587,16.337,81.515976,Sunny
2023-11-10 18:00:00+00:00,18.737,16.187,85.132065,Sunny
2023-11-10 19:00:00+00:00,18.036999,15.987,87.822586,Sunny
2023-11-10 20:00:00+00:00,17.687,15.687,88.07322,Sunny
2023-11-10 21:00:00+00:00,17.837,15.337001,85.31025,Sunny
2023-11-10 22:00:00+00:00,17.087,14.987,87.457085,Sunny
2023-11-10 23:00:00+00:00,16.687,14.537001,87.139114,Sunny
2023-11-11 00:00:00+00:00,16.237,13.987,86.53458,Sunny
2023-11-11 01:00:00+00:00,17.286999,14.987,86.357635,Sunny
2023-11-11 02:00:00+00:00,20.237,15.837001,75.84056,Sunny
2023-11-11 03:00:00+00:00,23.837,17.237,66.56383,Sunny
2023-11-11 04:00:00+00:00,26.137,17.286999,58.21688,Sunny
2023-11-11 05:00:00+00:00,27.587,16.687,51.464867,Sunny
2023-11-11 06:00:00+00:00,28.587,15.937,46.287136,Sunny
2023-11-11 07:00:00+00:00,29.237,15.187,42.48607,Sunny
2023-11-11 08:00:00+00:00,29.487,14.587001,40.290302,Sunny
2023-11-11 09:00:00+00:00,29.487,14.487,40.031006,Sunny
2023-11-11 10:00:00+00:00,28.587,16.237,47.181526,Sunny
2023-11-11 11:00:00+00:00,25.487,18.237,64.233505,Sunny
2023-11-11 12:00:00+00:00,25.887,16.187,55.09979,Sunny
2023-11-11 13:00:00+00:00,24.837,16.387,59.40151,Sunny
2023-11-11 14:00:00+00:00,25.286999,15.787001,55.657997,Sunny
2023-11-11 15:00:00+00:00,23.187,16.187,64.75995,Sunny
2023-11-11 16:00:00+00:00,21.487,16.387,72.7355,Sunny
2023-11-11 17:00:00+00:00,20.887,16.387,75.463036,Sunny
2023-11-11 18:00:00+00:00,21.036999,16.237,74.05969,Sunny
2023-11-11 19:00:00+00:00,20.036999,16.237,78.76983,Sunny
2023-11-11 20:00:00+00:00,18.637,16.337,86.48867,Sunny
2023-11-11 21:00:00+00:00,18.536999,16.237,86.47902,Sunny
2023-11-11 22:00:00+00:00,18.637,16.187,85.6661,Sunny
2023-11-11 23:00:00+00:00,18.286999,16.087,87.00839,Sunny
2023-11-12 00:00:00+00:00,17.437,15.887,90.62458,Sunny
2023-11-12 01:00:00+00:00,18.036999,15.637,85.87933,Sunny
2023-11-12 02:00:00+00:00,20.687,16.187,75.430534,Sunny
2023-11-12 03:00:00+00:00,23.786999,16.587,64.06931,Sunny
2023-11-12 04:00:00+00:00,26.137,16.337,54.811962,Sunny
2023-11-12 05:00:00+00:00,27.687,16.737,51.327534,Sunny
2023-11-12 06:00:00+00:00,28.637,16.887,49.029144,Sunny
2023-11-12 07:00:00+00:00,29.237,16.437,46.0206,Sunny
2023-11-12 08:00:00+00:00,29.536999,16.087,44.23323,Sunny
2023-11-12 09:00:00+00:00,29.487,15.937,43.93822,Sunny
2023-11-12 10:00:00+00:00,28.587,16.937,49.32774,Sunny
2023-11-12 11:00:00+00:00,26.437,17.487,57.921654,Sunny
2023-11-12 12:00:00+00:00,24.536999,17.337,64.23141,Sunny
2023-11-12 13:00:00+00:00,23.837,17.137,66.14409,Sunny
2023-11-12 14:00:00+00:00,22.786999,17.137,70.47339,Sunny
2023-11-12 15:00:00+00:00,21.786999,17.237,75.36997,Sunny
2023-11-12 16:00:00+00:00,21.687,17.536999,77.28242,Sunny
2023-11-12 17:00:00+00:00,20.786999,17.687,82.44432,Sunny
2023-11-12 18:00:00+00:00,20.137,17.387,84.20867,Sunny
2023-11-12 19:00:00+00:00,19.387,16.937,85.742134,Sunny
2023-11-12 20:00:00+00:00,18.387,16.587,89.26149,Sunny
2023-11-12 21:00:00+00:00,17.887,16.286999,90.367226,Sunny
2023-11-12 22:00:00+00:00,17.987,16.187,89.23027,Sunny
2023-11-12 23:00:00+00:00,17.536999,16.137,91.50305,Sunny
2023-11-13 00:00:00+00:00,17.036999,15.887,92.94597,Sunny
2023-11-13 01:00:00+00:00,17.987,16.036999,88.38064,Sunny
2023-11-13 02:00:00+00:00,20.487,16.437,77.591644,Sunny
2023-11-13 03:00:00+00:00,23.587,17.187,67.35982,Sunny
2023-11-13 04:00:00+00:00,26.137,17.387,58.58588,Sunny
2023-11-13 05:00:00+00:00,27.786999,17.187,52.504528,Sunny
2023-11-13 06:00:00+00:00,28.887,16.737,47.865902,Sunny
2023-11-13 07:00:00+00:00,29.536999,16.087,44.23323,Sunny
2023-11-13 08:00:00+00:00,29.837,15.387,41.571793,Sunny
2023-11-13 09:00:00+00:00,29.786999,14.937,40.503384,Sunny
2023-11-13 10:00:00+00:00,28.887,16.987,48.63079,Sunny
2023-11-13 11:00:00+00:00,25.737,19.036999,66.53531,Sunny
2023-11-13 12:00:00+00:00,23.687,17.587,68.66842,Sunny
2023-11-13 13:00:00+00:00,23.337,16.587,65.83065,Sunny
2023-11-13 14:00:00+00:00,22.587,17.237,71.7863,Sunny
2023-11-13 15:00:00+00:00,21.786999,17.637,77.29758,Sunny
2023-11-13 16:00:00+00:00,21.137,17.487,79.678505,Sunny
2023-11-13 17:00:00+00:00,20.487,17.237,81.63036,Cloudy
2023-11-13 18:00:00+00:00,19.637,17.237,86.038994,Sunny
2023-11-13 19:00:00+00:00,19.237,17.286999,88.484886,Sunny
2023-11-13 20:00:00+00:00,19.137,17.286999,89.037834,Sunny
2023-11-13 21:00:00+00:00,18.187,16.737,91.25354,Sunny
2023-11-13 22:00:00+00:00,18.137,16.536999,90.3848,Sunny
2023-11-13 23:00:00+00:00,17.087,16.187,94.443146,Sunny
2023-11-14 00:00:00+00:00,16.687,15.937,95.33598,Sunny
2023-11-14 01:00:00+00:00,17.487,17.036999,97.19519,Sunny
2023-11-14 02:00:00+00:00,19.887,17.737,87.43104,Sunny
2023-11-14 03:00:00+00:00,22.937,18.036999,73.91408,Sunny
2023-11-14 04:00:00+00:00,25.536999,17.887,62.65001,Sunny
2023-11-14 05:00:00+00:00,27.387,17.637,55.29655,Sunny
2023-11-14 06:00:00+00:00,28.487,17.187,50.406673,Sunny
2023-11-14 07:00:00+00:00,29.187,16.687,46.89303,Sunny
2023-11-14 08:00:00+00:00,29.487,16.437,45.3612,Sunny
2023-11-14 09:00:00+00:00,29.387,16.237,45.04638,Sunny
2023-11-14 10:00:00+00:00,28.587,17.286999,50.43265,Sunny
2023-11-14 11:00:00+00:00,25.687,18.087,62.880436,Sunny
2023-11-14 12:00:00+00:00,23.786999,17.137,66.34334,Cloudy
2023-11-14 13:00:00+00:00,23.437,16.786999,66.270905,Sunny
2023-11-14 14:00:00+00:00,23.036999,16.687,67.46233,Sunny
2023-11-14 15:00:00+00:00,23.087,16.587,66.832664,Sunny
2023-11-14 16:00:00+00:00,23.387,16.487,65.21638,Sunny
2023-11-14 17:00:00+00:00,21.487,16.687,74.136024,Sunny
2023-11-14 18:00:00+00:00,19.286999,16.737,85.18978,Sunny
2023-11-14 19:00:00+00:00,19.187,16.687,85.45023,Sunny
2023-11-14 20:00:00+00:00,18.687,16.587,87.60067,Sunny
2023-11-14 21:00:00+00:00,18.487,16.437,87.86194,Sunny
2023-11-14 22:00:00+00:00,17.937,16.087,88.94226,Sunny
2023-11-14 23:00:00+00:00,17.536999,15.737,89.195015,Sunny
2023-11-15 00:00:00+00:00,17.437,15.537001,88.617805,Sunny
2023-11-15 01:00:00+00:00,18.187,16.087,87.55605,Sunny
2023-11-15 02:00:00+00:00,20.187,16.937,81.59235,Sunny
2023-11-15 03:00:00+00:00,23.137,17.487,70.53894,Sunny
2023-11-15 04:00:00+00:00,25.387,17.687,62.41985,Sunny
2023-11-15 05:00:00+00:00,27.036999,17.637,56.44339,Sunny
2023-11-15 06:00:00+00:00,28.237,17.337,51.632187,Sunny
2023-11-15 07:00:00+00:00,28.987,17.087,48.657154,Sunny
2023-11-15 08:00:00+00:00,29.337,16.687,46.48843,Sunny
2023-11-15 09:00:00+00:00,29.237,16.337,45.728622,Sunny
2023-11-15 10:00:00+00:00,28.887,16.687,47.714195,Sunny
2023-11-15 11:00:00+00:00,27.937,16.837,50.905693,Sunny
2023-11-15 12:00:00+00:00,26.387,16.887,55.929253,Sunny
2023-11-15 13:00:00+00:00,24.786999,17.737,64.89584,Sunny
2023-11-15 14:00:00+00:00,22.837,17.937,73.897125,Sunny
2023-11-15 15:00:00+00:00,22.036999,17.387,74.93589,Cloudy
2023-11-15 16:00:00+00:00,21.786999,16.687,72.78848,Cloudy
2023-11-15 17:00:00+00:00,20.786999,16.487,76.41333,Sunny
2023-11-15 18:00:00+00:00,20.137,16.237,78.28399,Sunny
2023-11-15 19:00:00+00:00,19.487,15.987,80.21389,Sunny
2023-11-15 20:00:00+00:00,18.837,15.837001,82.73265,Sunny
2023-11-15 21:00:00+00:00,18.437,15.437,82.68436,Sunny
2023-11-15 22:00:00+00:00,17.887,15.037001,83.419014,Sunny
2023-11-15 23:00:00+00:00,17.786999,14.487,81.02211,Sunny
2023-11-16 00:00:00+00:00,17.536999,13.937,79.43016,Sunny
2023-11-16 01:00:00+00:00,18.937,15.087001,78.358406,Sunny
2023-11-16 02:00:00+00:00,21.237,15.287001,68.8437,Sunny
2023-11-16 03:00:00+00:00,23.987,16.437,62.702625,Sunny
2023-11-16 04:00:00+00:00,26.687,16.587,53.912457,Sunny
2023-11-16 05:00:00+00:00,28.786999,15.387,44.170578,Sunny
2023-11-16 06:00:00+00:00,29.837,14.187,38.478306,Sunny
2023-11-16 07:00:00+00:00,30.437,14.037001,36.81617,Sunny
2023-11-16 08:00:00+00:00,30.637,14.487,37.47249,Sunny
2023-11-16 09:00:00+00:00,30.337,15.387,40.3952,Cloudy
2023-11-16 10:00:00+00:00,29.337,16.987,47.381477,Sunny
2023-11-16 11:00:00+00:00,26.036999,17.937,61.01211,Sunny
2023-11-16 12:00:00+00:00,24.387,16.937,63.190838,Sunny
2023-11-16 13:00:00+00:00,24.887,16.987,61.524513,Sunny
2023-11-16 14:00:00+00:00,24.536999,16.087,59.33102,Sunny
2023-11-16 15:00:00+00:00,24.286999,16.087,60.22596,Sunny
2023-11-16 16:00:00+00:00,23.937,16.286999,62.293617,Sunny
2023-11-16 17:00:00+00:00,23.387,16.587,65.63229,Sunny
2023-11-16 18:00:00+00:00,23.087,16.987,68.55061,Sunny
2023-11-16 19:00:00+00:00,22.536999,17.337,72.46117,Sunny
2023-11-16 20:00:00+00:00,21.837,17.487,76.336266,Sunny
2023-11-16 21:00:00+00:00,21.187,17.036999,77.206406,Sunny
2023-11-16 22:00:00+00:00,20.637,16.286999,76.14688,Sunny
2023-11-16 23:00:00+00:00,20.237,15.637,74.876465,Sunny
2023-11-17 00:00:00+00:00,19.737,15.387,76.003426,Sunny
2023-11-17 01:00:00+00:00,20.587,14.137,66.53008,Sunny
2023-11-17 02:00:00+00:00,22.036999,14.937,64.098694,Sunny
2023-11-17 03:00:00+00:00,23.987,16.286999,62.106735,Sunny
2023-11-17 04:00:00+00:00,26.087,18.536999,63.165848,Sunny
2023-11-17 05:00:00+00:00,27.687,19.187,59.87679,Sunny
2023-11-17 06:00:00+00:00,28.837,17.887,51.623405,Sunny
2023-11-17 07:00:00+00:00,29.536999,15.637,42.97931,Sunny
2023-11-17 08:00:00+00:00,29.437,15.287001,42.268837,Sunny
2023-11-17 09:00:00+00:00,29.036999,16.036999,45.384274,Sunny
2023-11-17 10:00:00+00:00,28.286999,16.637,49.24895,Sunny
2023-11-17 11:00:00+00:00,25.887,17.337,59.271526,Sunny
2023-11-17 12:00:00+00:00,24.286999,16.687,62.570354,Sunny
2023-11-17 13:00:00+00:00,24.036999,15.687,59.593426,Sunny
2023-11-17 14:00:00+00:00,23.786999,15.387,59.34411,Sunny
2023-11-17 15:00:00+00:00,23.536999,15.187,59.47585,Sunny
2023-11-17 16:00:00+00:00,22.987,14.987,60.699413,Sunny
2023-11-17 17:00:00+00:00,22.087,14.437,61.87596,Sunny
2023-11-17 18:00:00+00:00,21.036999,14.337001,65.556274,Sunny
2023-11-17 19:00:00+00:00,20.237,14.337001,68.86845,Sunny
2023-11-17 20:00:00+00:00,19.487,14.237,71.679924,Sunny
2023-11-17 21:00:00+00:00,18.987,14.037001,72.99516,Sunny
2023-11-17 22:00:00+00:00,18.587,13.887,74.118065,Sunny
2023-11-17 23:00:00+00:00,18.387,13.887,75.05231,Sunny
2023-11-18 00:00:00+00:00,18.137,13.987,76.734856,Sunny
2023-11-18 01:00:00+00:00,19.387,15.337001,77.425186,Sunny
2023-11-18 02:00:00+00:00,21.137,16.237,73.60635,Sunny
2023-11-18 03:00:00+00:00,23.137,16.536999,66.41948,Sunny
2023-11-18 04:00:00+00:00,24.786999,16.937,61.697086,Sunny
2023-11-18 05:00:00+00:00,26.087,16.937,57.110016,Sunny
2023-11-18 06:00:00+00:00,27.286999,16.737,52.543415,Sunny
2023-11-18 07:00:00+00:00,28.237,16.387,48.6135,Sunny
2023-11-18 08:00:00+00:00,28.786999,15.987,45.899487,Sunny
2023-11-18 09:00:00+00:00,28.786999,15.837001,45.461784,Sunny
2023-11-18 10:00:00+00:00,28.087,16.536999,49.5102,Sunny
2023-11-18 11:00:00+00:00,25.487,17.286999,60.50318,Sunny
2023-11-18 12:00:00+00:00,23.437,16.786999,66.270905,Sunny
2023-11-18 13:00:00+00:00,22.837,17.587,72.2861,Sunny
2023-11-18 14:00:00+00:00,21.987,17.837,77.32785,Sunny
2023-11-18 15:00:00+00:00,21.437,17.587,78.72146,Sunny
2023-11-18 16:00:00+00:00,21.087,17.137,78.17505,Sunny
2023-11-18 17:00:00+00:00,20.587,16.937,79.60238,Sunny
2023-11-18 18:00:00+00:00,20.187,16.887,81.334145,Sunny
2023-11-18 19:00:00+00:00,19.587,16.887,84.41492,Sunny
2023-11-18 20:00:00+00:00,19.387,16.837,85.20025,Sunny
2023-11-18 21:00:00+00:00,18.887,16.437,85.6915,Sunny
2023-11-18 22:00:00+00:00,18.587,16.087,85.388245,Sunny
2023-11-18 23:00:00+00:00,18.187,15.787001,85.8944,Sunny
2023-11-19 00:00:00+00:00,17.786999,15.737,87.800644,Sunny
2023-11-19 01:00:00+00:00,18.487,16.137,86.198944,Sunny
2023-11-19 02:00:00+00:00,20.687,16.737,78.11623,Sunny
2023-11-19 03:00:00+00:00,23.237,17.387,69.67262,Sunny
2023-11-19 04:00:00+00:00,25.437,18.137,64.02147,Sunny
2023-11-19 05:00:00+00:00,27.087,17.786999,56.812267,Sunny
2023-11-19 06:00:00+00:00,28.036999,17.487,52.734383,Sunny
2023-11-19 07:00:00+00:00,28.587,17.036999,49.64124,Sunny
2023-11-19 08:00:00+00:00,28.887,16.437,46.96199,Sunny
2023-11-19 09:00:00+00:00,28.887,15.937,45.488796,Sunny
2023-11-19 10:00:00+00:00,28.286999,16.137,47.70636,Sunny
2023-11-19 11:00:00+00:00,25.286999,17.887,63.587936,Sunny
2023-11-19 12:00:00+00:00,23.687,16.437,63.844242,Sunny
2023-11-19 13:00:00+00:00,25.637,16.087,55.56704,Sunny
2023-11-19 14:00:00+00:00,23.087,16.737,67.47242,Sunny
2023-11-19 15:00:00+00:00,23.337,16.687,66.25017,Sunny
2023-11-19 16:00:00+00:00,23.687,16.437,63.844242,Sunny
2023-11-19 17:00:00+00:00,22.737,16.387,67.40162,Sunny
2023-11-19 18:00:00+00:00,19.887,16.786999,82.33459,Sunny
2023-11-19 19:00:00+00:00,20.337,16.786999,80.07431,Sunny
2023-11-19 20:00:00+00:00,19.137,16.737,85.989395,Sunny
2023-11-19 21:00:00+00:00,18.286999,16.637,90.10872,Sunny
2023-11-19 22:00:00+00:00,17.737,16.487,92.393265,Sunny
2023-11-19 23:00:00+00:00,17.137,16.237,94.445244,Sunny
2023-11-20 00:00:00+00:00,17.637,16.387,92.38764,Sunny
2023-11-20 01:00:00+00:00,17.887,17.337,96.5917,Sunny
2023-11-20 02:00:00+00:00,20.137,18.036999,87.72869,Sunny
2023-11-20 03:00:00+00:00,23.036999,18.737,76.763145,Sunny
2023-11-20 04:00:00+00:00,25.337,19.036999,68.13469,Sunny
2023-11-20 05:00:00+00:00,27.137,18.837,60.50141,Sunny
2023-11-20 06:00:00+00:00,28.437,18.087,53.5044,Sunny
2023-11-20 07:00:00+00:00,29.337,17.087,47.6825,Sunny
2023-11-20 08:00:00+00:00,29.737,16.337,44.428757,Sunny
2023-11-20 09:00:00+00:00,29.587,16.036999,43.965424,Sunny
2023-11-20 10:00:00+00:00,28.987,16.937,48.197033,Sunny
2023-11-20 11:00:00+00:00,27.087,18.487,59.365334,Sunny
2023-11-20 12:00:00+00:00,24.337,17.587,66.03913,Sunny
2023-11-20 13:00:00+00:00,23.837,16.587,63.876896,Sunny
2023-11-20 14:00:00+00:00,22.737,15.737,64.66336,Sunny
2023-11-20 15:00:00+00:00,22.187,15.087001,64.13139,Sunny
2023-11-20 16:00:00+00:00,21.536999,14.687,65.0305,Sunny
2023-11-20 17:00:00+00:00,20.786999,14.637,67.87423,Sunny
2023-11-20 18:00:00+00:00,20.087,14.787001,71.55895,Sunny
2023-11-20 19:00:00+00:00,19.637,14.987,74.53646,Sunny
2023-11-20 20:00:00+00:00,19.437,14.987,75.468414,Sunny
2023-11-20 21:00:00+00:00,19.137,14.787001,75.90713,Sunny
2023-11-20 22:00:00+00:00,18.837,14.437,75.61412,Sunny
2023-11-20 23:00:00+00:00,18.387,14.137,76.2786,Sunny
2023-11-21 00:00:00+00:00,17.937,13.987,77.70541,Sunny
2023-11-21 01:00:00+00:00,18.036999,15.487,85.05816,Sunny
2023-11-21 02:00:00+00:00,19.837,15.987,78.49008,Sunny
2023-11-21 03:00:00+00:00,22.387,16.487,69.28887,Sunny
2023-11-21 04:00:00+00:00,24.987,16.737,60.196667,Sunny
2023-11-21 05:00:00+00:00,27.137,15.887,50.2146,Sunny
2023-11-21 06:00:00+00:00,28.337,14.637,43.204483,Sunny
2023-11-21 07:00:00+00:00,28.837,13.637,39.336384,Sunny
2023-11-21 08:00:00+00:00,28.837,13.387,38.701546,Sunny
2023-11-21 09:00:00+00:00,28.437,13.487,39.869286,Sunny
2023-11-21 10:00:00+00:00,27.487,14.137,43.95736,Sunny
2023-11-21 11:00:00+00:00,25.187,14.387,51.170914,Sunny
2023-11-21 12:00:00+00:00,23.437,13.987,55.37636,Sunny
2023-11-21 13:00:00+00:00,23.087,13.437,54.573853,Sunny
2023-11-21 14:00:00+00:00,21.786999,13.087001,57.72817,Sunny
2023-11-21 15:00:00+00:00,20.437,13.287001,63.540123,Sunny
2023-11-21 16:00:00+00:00,19.536999,13.487,68.062454,Sunny
2023-11-21 17:00:00+00:00,18.587,13.687,73.16161,Sunny
2023-11-21 18:00:00+00:00,17.987,13.587001,75.475204,Sunny
2023-11-21 19:00:00+00:00,17.187,13.587001,79.3806,Sunny
2023-11-21 20:00:00+00:00,16.587,13.387,81.39195,Sunny
2023-11-21 21:00:00+00:00,16.137,13.287001,83.2132,Sunny
2023-11-21 22:00:00+00:00,15.437,13.337001,87.306496,Sunny
2023-11-21 23:00:00+00:00,15.137,13.237,88.42567,Sunny
2023-11-22 00:00:00+00:00,14.837001,13.087001,89.27087,Sunny
2023-11-22 01:00:00+00:00,15.387,13.737,89.89646,Sunny
2023-11-22 02:00:00+00:00,17.587,13.937,79.180046,Sunny
2023-11-22 03:00:00+00:00,20.237,14.437,69.31505,Sunny
2023-11-22 04:00:00+00:00,22.587,14.937,61.989426,Sunny
2023-11-22 05:00:00+00:00,24.437,15.787001,58.554436,Sunny
2023-11-22 06:00:00+00:00,25.837,16.286999,55.616493,Sunny
2023-11-22 07:00:00+00:00,26.786999,16.187,52.248817,Sunny
2023-11-22 08:00:00+00:00,27.337,15.687,48.998486,Sunny
2023-11-22 09:00:00+00:00,27.487,14.937,46.287483,Sunny
2023-11-22 10:00:00+00:00,26.887,15.387,49.352184,Sunny
2023-11-22 11:00:00+00:00,24.087,17.387,66.19591,Sunny
2023-11-22 12:00:00+00:00,21.887,16.637,72.116035,Sunny
2023-11-22 13:00:00+00:00,21.637,16.337,71.842026,Sunny
2023-11-22 14:00:00+00:00,21.237,16.187,72.923355,Sunny
2023-11-22 15:00:00+00:00,21.536999,15.587001,68.90266,Sunny
2023-11-22 16:00:00+00:00,19.887,15.437,75.541725,Sunny
2023-11-22 17:00:00+00:00,18.987,15.437,79.88944,Sunny
2023-11-22 18:00:00+00:00,18.187,15.637,85.07402,Sunny
2023-11-22 19:00:00+00:00,17.987,16.036999,88.38064,Sunny
2023-11-22 20:00:00+00:00,17.587,16.286999,92.09111,Sunny
2023-11-22 21:00:00+00:00,17.437,16.337,93.263374,Sunny
2023-11-22 22:00:00+00:00,17.337,16.337,93.85427,Sunny
2023-11-22 23:00:00+00:00,16.786999,16.036999,95.33949,Sunny
2023-11-23 00:00:00+00:00,16.237,15.587001,95.93279,Sunny
2023-11-23 01:00:00+00:00,16.887,16.286999,96.25884,Sunny
2023-11-23 02:00:00+00:00,18.987,16.837,87.349915,Sunny
2023-11-23 03:00:00+00:00,21.687,17.437,76.79623,Sunny
2023-11-23 04:00:00+00:00,24.087,17.587,67.03675,Sunny
2023-11-23 05:00:00+00:00,25.837,17.286999,59.259785,Sunny
2023-11-23 06:00:00+00:00,27.036999,16.487,52.479553,Sunny
2023-11-23 07:00:00+00:00,27.737,16.087,49.10412,Sunny
2023-11-23 08:00:00+00:00,28.036999,15.987,47.944958,Sunny
2023-11-23 09:00:00+00:00,28.036999,15.837001,47.48775,Sunny
2023-11-23 10:00:00+00:00,27.536999,16.036999,49.523426,Sunny
2023-11-23 11:00:00+00:00,24.637,18.087,66.93775,Sunny
2023-11-23 12:00:00+00:00,25.137,16.437,58.534313,Sunny
2023-11-23 13:00:00+00:00,24.536999,16.786999,62.033077,Sunny
2023-11-23 14:00:00+00:00,21.487,17.286999,77.008316,Sunny
2023-11-23 15:00:00+00:00,21.337,17.036999,76.499504,Sunny
2023-11-23 16:00:00+00:00,20.387,17.036999,81.10266,Sunny
2023-11-23 17:00:00+00:00,20.237,16.887,81.08316,Sunny
2023-11-23 18:00:00+00:00,19.536999,16.687,83.60974,Sunny
2023-11-23 19:00:00+00:00,19.187,16.286999,83.30386,Sunny
2023-11-23 20:00:00+00:00,18.687,15.837001,83.511894,Sunny
2023-11-23 21:00:00+00:00,18.187,15.537001,84.530945,Sunny
2023-11-23 22:00:00+00:00,17.887,15.437,85.58946,Sunny
2023-11-23 23:00:00+00:00,17.637,15.337001,86.39179,Sunny
2023-11-24 00:00:00+00:00,17.286999,15.187,87.47518,Sunny
2023-11-24 01:00:00+00:00,17.387,15.837001,90.621185,Sunny
2023-11-24 02:00:00+00:00,19.337,16.237,82.26704,Sunny
2023-11-24 03:00:00+00:00,21.887,16.687,72.34543,Sunny
2023-11-24 04:00:00+00:00,24.286999,16.837,63.168842,Sunny
2023-11-24 05:00:00+00:00,26.187,16.687,55.88008,Sunny
2023-11-24 06:00:00+00:00,27.387,16.487,51.413254,Sunny
2023-11-24 07:00:00+00:00,28.087,16.237,48.573822,Sunny
2023-11-24 08:00:00+00:00,28.286999,15.787001,46.651974,Sunny
2023-11-24 09:00:00+00:00,28.137,15.537001,46.314117,Sunny
2023-11-24 10:00:00+00:00,27.637,15.537001,47.68544,Sunny
2023-11-24 11:00:00+00:00,25.187,18.137,64.98064,Sunny
2023-11-24 12:00:00+00:00,25.087,16.387,58.522415,Sunny
2023-11-24 13:00:00+00:00,23.437,16.637,65.64279,Sunny
2023-11-24 14:00:00+00:00,22.137,16.237,69.24039,Sunny
2023-11-24 15:00:00+00:00,21.187,15.987,72.220024,Sunny
2023-11-24 16:00:00+00:00,20.587,15.787001,73.98303,Sunny
2023-11-24 17:00:00+00:00,19.987,15.587001,75.80034,Sunny
2023-11-24 18:00:00+00:00,19.587,15.387,76.71436,Sunny
2023-11-24 19:00:00+00:00,19.137,15.037001,77.13868,Sunny
2023-11-24 20:00:00+00:00,18.637,14.687,77.81103,Sunny
2023-11-24 21:00:00+00:00,17.937,14.487,80.26089,Sunny
2023-11-24 22:00:00+00:00,17.337,14.487,83.35471,Sunny
2023-11-24 23:00:00+00:00,16.937,14.537001,85.76803,Sunny
2023-11-25 00:00:00+00:00,16.437,14.587001,88.82108,Sunny
2023-11-25 01:00:00+00:00,16.837,15.737,93.23323,Sunny
2023-11-25 02:00:00+00:00,19.387,16.437,83.062584,Sunny
2023-11-25 03:00:00+00:00,22.036999,17.237,74.22893,Sunny
2023-11-25 04:00:00+00:00,24.237,17.637,66.64592,Sunny
2023-11-25 05:00:00+00:00,25.887,17.837,61.170197,Sunny
2023-11-25 06:00:00+00:00,27.187,17.437,55.247158,Sunny
2023-11-25 07:00:00+00:00,28.036999,16.687,50.130207,Sunny
2023-11-25 08:00:00+00:00,28.437,15.737,46.099136,Sunny
2023-11-25 09:00:00+00:00,28.487,15.487,45.23546,Sunny
2023-11-25 10:00:00+00:00,27.786999,15.837001,48.185524,Sunny
2023-11-25 11:00:00+00:00,25.437,16.487,57.68201,Sunny
2023-11-25 12:00:00+00:00,23.437,15.487,60.998543,Sunny
2023-11-25 13:00:00+00:00,25.036999,14.437,51.797333,Sunny
2023-11-25 14:00:00+00:00,24.437,14.437,53.68761,Sunny
2023-11-25 15:00:00+00:00,21.187,15.487,69.946724,Sunny
2023-11-25 16:00:00+00:00,19.887,15.837001,77.50108,Sunny
2023-11-25 17:00:00+00:00,19.487,16.286999,81.76323,Sunny
2023-11-25 18:00:00+00:00,18.536999,16.487,87.86633,Sunny
2023-11-25 19:00:00+00:00,18.137,16.437,89.811806,Sunny
2023-11-25 20:00:00+00:00,17.587,16.187,91.50617,Sunny
2023-11-25 21:00:00+00:00,17.237,15.987,92.36507,Sunny
2023-11-25 22:00:00+00:00,17.036999,15.887,92.94597,Sunny
2023-11-25 23:00:00+00:00,16.687,15.737,94.125015,Sunny
2023-11-26 00:00:00+00:00,16.337,15.537001,95.01887,Sunny
2023-11-26 01:00:00+00:00,16.937,16.286999,95.95424,Sunny
2023-11-26 02:00:00+00:00,19.036999,16.687,86.252914,Sunny
2023-11-26 03:00:00+00:00,22.137,16.786999,71.7047,Sunny
2023-11-26 04:00:00+00:00,24.887,16.637,60.173496,Sunny
2023-11-26 05:00:00+00:00,26.637,16.437,53.558167,Sunny
2023-11-26 06:00:00+00:00,27.737,16.187,49.41825,Sunny
2023-11-26 07:00:00+00:00,28.487,15.287001,44.658886,Sunny
2023-11-26 08:00:00+00:00,28.837,14.837001,42.512936,Sunny
2023-11-26 09:00:00+00:00,28.737,14.787001,42.622578,Sunny
2023-11-26 10:00:00+00:00,27.887,16.137,48.831398,Sunny
2023-11-26 11:00:00+00:00,24.387,17.587,65.84163,Sunny
2023-11-26 12:00:00+00:00,22.437,16.587,69.51913,Cloudy
2023-11-26 13:00:00+00:00,21.837,15.537001,67.43436,Cloudy
2023-11-26 14:00:00+00:00,21.387,15.187,67.77697,Cloudy
2023-11-26 15:00:00+00:00,20.337,14.937,71.14564,Sunny
2023-11-26 16:00:00+00:00,18.987,15.037001,77.86354,Sunny
2023-11-26 17:00:00+00:00,18.536999,14.887,79.315125,Sunny
2023-11-26 18:00:00+00:00,17.837,14.687,81.81675,Sunny
2023-11-26 19:00:00+00:00,17.637,14.437,81.52764,Sunny
2023-11-26 20:00:00+00:00,17.187,14.437,83.87756,Sunny
2023-11-26 21:00:00+00:00,16.937,14.587001,86.04531,Sunny
2023-11-26 22:00:00+00:00,16.587,14.537001,87.69442,Sunny
2023-11-26 23:00:00+00:00,16.337,14.387,88.2409,Sunny
2023-11-27 00:00:00+00:00,16.087,14.187,88.50561,Sunny
2023-11-27 01:00:00+00:00,16.337,14.437,88.526505,Sunny
2023-11-27 02:00:00+00:00,19.036999,14.837001,76.628296,Sunny
2023-11-27 03:00:00+00:00,21.887,15.237,65.9476,Sunny
2023-11-27 04:00:00+00:00,24.087,15.837001,59.98751,Sunny
2023-11-27 05:00:00+00:00,25.937,16.687,56.712585,Sunny
2023-11-27 06:00:00+00:00,27.437,16.887,52.581665,Sunny
2023-11-27 07:00:00+00:00,28.437,16.387,48.051266,Sunny
2023-11-27 08:00:00+00:00,28.887,15.937,45.488796,Sunny
2023-11-27 09:00:00+00:00,28.837,15.737,45.041283,Sunny
2023-11-27 10:00:00+00:00,28.237,16.637,49.39245,Cloudy
2023-11-27 11:00:00+00:00,25.337,18.036999,63.99989,Cloudy
2023-11-27 12:00:00+00:00,24.137,17.437,66.20629,Cloudy
2023-11-27 13:00:00+00:00,23.587,16.087,62.813614,Cloudy
2023-11-27 14:00:00+00:00,23.286999,15.637,62.147564,Cloudy
2023-11-27 15:00:00+00:00,22.987,15.587001,63.0828,Cloudy
2023-11-27 16:00:00+00:00,22.687,16.137,66.53811,Cloudy
2023-11-27 17:00:00+00:00,22.187,16.687,71.03434,Cloudy
2023-11-27 18:00:00+00:00,21.487,16.837,74.84514,Cloudy
2023-11-27 19:00:00+00:00,21.387,16.786999,75.0664,Cloudy
2023-11-27 20:00:00+00:00,20.437,16.587,78.57727,Sunny
2023-11-27 21:00:00+00:00,19.937,16.237,79.259056,Sunny
2023-11-27 22:00:00+00:00,19.487,15.737,78.94256,Sunny
2023-11-27 23:00:00+00:00,18.437,15.537001,83.21599,Cloudy
2023-11-28 00:00:00+00:00,17.987,15.537001,85.59971,Cloudy
2023-11-28 01:00:00+00:00,18.987,15.687,81.17903,Sunny
2023-11-28 02:00:00+00:00,20.337,15.737,74.893074,Cloudy
2023-11-28 03:00:00+00:00,22.087,15.687,67.054756,Cloudy
2023-11-28 04:00:00+00:00,22.786999,16.337,66.98407,Cloudy
2023-11-28 05:00:00+00:00,25.237,16.837,59.6843,Cloudy
2023-11-28 06:00:00+00:00,27.286999,16.137,50.575443,Cloudy
2023-11-28 07:00:00+00:00,28.437,15.237,44.64529,Cloudy
2023-11-28 08:00:00+00:00,28.687,14.837001,42.884308,Cloudy
2023-11-28 09:00:00+00:00,28.737,14.687,42.3487,Cloudy
2023-11-28 10:00:00+00:00,28.087,15.887,47.50108,Cloudy
2023-11-28 11:00:00+00:00,25.737,17.187,59.23634,Cloudy
2023-11-28 12:00:00+00:00,24.337,16.887,63.17982,Cloudy
2023-11-28 13:00:00+00:00,24.286999,16.036999,60.03411,Cloudy
2023-11-28 14:00:00+00:00,23.337,16.286999,64.58607,Cloudy
2023-11-28 15:00:00+00:00,22.387,16.437,69.06884,Cloudy
2023-11-28 16:00:00+00:00,21.487,16.437,72.967285,Sunny
2023-11-28 17:00:00+00:00,20.737,16.286999,75.67934,Cloudy
2023-11-28 18:00:00+00:00,20.087,16.286999,78.777016,Cloudy
2023-11-28 19:00:00+00:00,19.837,16.337,80.26129,Cloudy
2023-11-28 20:00:00+00:00,18.687,16.237,85.67118,Cloudy
2023-11-28 21:00:00+00:00,18.737,16.137,84.8611,Cloudy
2023-11-28 22:00:00+00:00,18.536999,16.036999,85.383064,Sunny
2023-11-28 23:00:00+00:00,17.637,15.837001,89.20288,Sunny
2023-11-29 00:00:00+00:00,17.437,15.587001,88.902084,Cloudy
2023-11-29 01:00:00+00:00,18.286999,15.887,85.90446,Sunny
2023-11-29 02:00:00+00:00,20.237,16.187,77.55397,Sunny
2023-11-29 03:00:00+00:00,22.837,16.637,68.06775,Sunny
2023-11-29 04:00:00+00:00,24.987,16.036999,57.573586,Sunny
2023-11-29 05:00:00+00:00,26.437,16.487,54.36593,Sunny
2023-11-29 06:00:00+00:00,27.437,17.036999,53.083828,Sunny
2023-11-29 07:00:00+00:00,28.036999,17.036999,51.255283,Sunny
2023-11-29 08:00:00+00:00,28.437,16.837,49.44496,Sunny
2023-11-29 09:00:00+00:00,28.437,16.687,48.9765,Sunny
2023-11-29 10:00:00+00:00,27.937,16.737,50.583714,Sunny
2023-11-29 11:00:00+00:00,24.837,18.687,68.677444,Sunny
2023-11-29 12:00:00+00:00,23.137,17.637,71.20947,Sunny
2023-11-29 13:00:00+00:00,22.286999,17.637,74.977,Sunny
2023-11-29 14:00:00+00:00,21.437,17.536999,78.473564,Sunny
2023-11-29 15:00:00+00:00,20.786999,17.536999,81.66827,Sunny
2023-11-29 16:00:00+00:00,20.536999,17.437,82.41395,Sunny
2023-11-29 17:00:00+00:00,19.786999,17.087,84.43681,Sunny
2023-11-29 18:00:00+00:00,19.387,16.737,84.661354,Sunny
2023-11-29 19:00:00+00:00,18.786999,16.637,87.33178,Sunny
2023-11-29 20:00:00+00:00,18.487,16.536999,88.42249,Sunny
2023-11-29 21:00:00+00:00,18.087,16.286999,89.23807,Sunny
2023-11-29 22:00:00+00:00,17.587,15.737,88.91415,Sunny
2023-11-29 23:00:00+00:00,17.137,15.087001,87.74329,Sunny
2023-11-30 00:00:00+00:00,16.937,14.587001,86.04531,Sunny
2023-11-30 01:00:00+00:00,17.687,15.187,85.29456,Sunny
2023-11-30 02:00:00+00:00,19.536999,16.036999,80.22069,Sunny
2023-11-30 03:00:00+00:00,22.087,16.786999,71.92345,Sunny
2023-11-30 04:00:00+00:00,24.387,16.887,62.990868,Sunny
2023-11-30 05:00:00+00:00,26.087,16.887,56.92929,Sunny
2023-11-30 06:00:00+00:00,27.137,16.786999,53.17616,Sunny
2023-11-30 07:00:00+00:00,27.786999,16.786999,51.190704,Sunny
2023-11-30 08:00:00+00:00,28.137,16.637,49.68091,Sunny
2023-11-30 09:00:00+00:00,28.036999,16.387,49.183178,Cloudy
2023-11-30 10:00:00+00:00,27.536999,16.536999,51.126034,Sunny
2023-11-30 11:00:00+00:00,26.837,16.687,53.779217,Sunny
2023-11-30 12:00:00+00:00,23.187,17.587,70.77113,Sunny
2023-11-30 13:00:00+00:00,22.837,17.237,70.706,Sunny
2023-11-30 14:00:00+00:00,21.987,17.137,73.986046,Sunny
2023-11-30 15:00:00+00:00,21.286999,17.187,77.46631,Cloudy
2023-11-30 16:00:00+00:00,20.837,17.286999,80.142166,Sunny
2023-11-30 17:00:00+00:00,19.387,17.087,86.560684,Sunny
2023-11-30 18:00:00+00:00,19.387,16.786999,84.930405,Sunny
2023-11-30 19:00:00+00:00,18.536999,16.536999,88.14611,Sunny
2023-11-30 20:00:00+00:00,18.286999,16.337,88.40581,Sunny
2023-11-30 21:00:00+00:00,18.036999,16.237,89.234184,Sunny
2023-11-30 22:00:00+00:00,17.687,16.237,91.22138,Sunny
2023-11-30 23:00:00+00:00,16.637,15.837001,95.03013,Cloudy
2023-12-01 00:00:00+00:00,16.937,16.036999,94.436905,Cloudy
2023-12-01 01:00:00+00:00,18.687,17.286999,91.57451,Cloudy
2023-12-01 02:00:00+00:00,20.387,17.286999,82.39566,Cloudy
2023-12-01 03:00:00+00:00,21.487,17.387,77.49642,Cloudy
2023-12-01 04:00:00+00:00,22.036999,17.837,77.092476,Cloudy
2023-12-01 05:00:00+00:00,23.536999,18.187,71.95755,Cloudy
2023-12-01 06:00:00+00:00,24.887,18.087,65.945656,Cloudy
2023-12-01 07:00:00+00:00,25.237,17.637,62.781113,Cloudy
2023-12-01 08:00:00+00:00,26.637,16.137,52.54445,Cloudy
2023-12-01 09:00:00+00:00,26.837,15.287001,49.18091,Cloudy
2023-12-01 10:00:00+00:00,26.487,15.587001,51.180134,Cloudy
2023-12-01 11:00:00+00:00,24.837,17.087,62.100414,Cloudy
2023-12-01 12:00:00+00:00,22.837,17.687,72.7432,Cloudy
2023-12-01 13:00:00+00:00,22.687,18.187,75.75291,Cloudy
2023-12-01 14:00:00+00:00,21.786999,18.437,81.28315,Cloudy
2023-12-01 15:00:00+00:00,21.437,18.187,81.750015,Cloudy
2023-12-01 16:00:00+00:00,21.286999,18.237,82.76417,Cloudy
2023-12-01 17:00:00+00:00,21.237,18.487,84.329636,Cloudy
2023-12-01 18:00:00+00:00,20.737,18.087,84.806114,Cloudy
2023-12-01 19:00:00+00:00,20.137,17.837,86.63212,Sunny
2023-12-01 20:00:00+00:00,19.637,17.786999,89.07729,Cloudy
2023-12-01 21:00:00+00:00,19.337,17.887,91.32681,Cloudy
2023-12-01 22:00:00+00:00,19.187,17.887,92.183716,Cloudy
2023-12-01 23:00:00+00:00,18.937,17.737,92.751976,Cloudy
2023-12-02 00:00:00+00:00,18.737,17.687,93.62254,Cloudy
2023-12-02 01:00:00+00:00,18.737,18.087,96.008644,Cloudy
2023-12-02 02:00:00+00:00,20.337,18.337,88.298325,Cloudy
2023-12-02 03:00:00+00:00,21.487,18.536999,83.30807,Cloudy
2023-12-02 04:00:00+00:00,21.937,18.637,81.55707,Cloudy
2023-12-02 05:00:00+00:00,24.536999,18.487,69.050186,Sunny
2023-12-02 06:00:00+00:00,26.687,17.687,57.79893,Sunny
2023-12-02 07:00:00+00:00,27.887,16.536999,50.091034,Sunny
2023-12-02 08:00:00+00:00,28.387,15.987,46.977894,Sunny
2023-12-02 09:00:00+00:00,28.437,15.637,45.80508,Sunny
2023-12-02 10:00:00+00:00,27.737,16.036999,48.9477,Sunny
2023-12-02 11:00:00+00:00,25.087,16.937,60.602825,Sunny
2023-12-02 12:00:00+00:00,22.937,16.887,68.73868,Sunny
2023-12-02 13:00:00+00:00,22.187,16.587,70.584526,Sunny
2023-12-02 14:00:00+00:00,21.837,16.536999,71.87824,Sunny
2023-12-02 15:00:00+00:00,21.137,16.437,74.54967,Sunny
2023-12-02 16:00:00+00:00,19.987,16.286999,79.26609,Sunny
2023-12-02 17:00:00+00:00,19.337,16.237,82.26704,Sunny
2023-12-02 18:00:00+00:00,18.687,16.087,84.85577,Sunny
2023-12-02 19:00:00+00:00,17.937,15.987,88.37644,Sunny
2023-12-02 20:00:00+00:00,17.137,15.687,91.18582,Sunny
2023-12-02 21:00:00+00:00,17.036999,15.437,90.307144,Sunny
2023-12-02 22:00:00+00:00,17.036999,15.287001,89.44231,Sunny
2023-12-02 23:00:00+00:00,16.587,15.037001,90.56592,Sunny
2023-12-03 00:00:00+00:00,15.537001,14.587001,94.07414,Sunny
2023-12-03 01:00:00+00:00,15.837001,15.387,97.1598,Sunny
2023-12-03 02:00:00+00:00,18.286999,16.237,87.84449,Sunny
2023-12-03 03:00:00+00:00,20.937,16.937,77.90579,Sunny
2023-12-03 04:00:00+00:00,23.437,17.437,69.05417,Sunny
2023-12-03 05:00:00+00:00,25.337,17.637,62.40871,Sunny
2023-12-03 06:00:00+00:00,26.786999,17.187,55.67422,Sunny
2023-12-03 07:00:00+00:00,27.687,16.887,51.818275,Sunny
2023-12-03 08:00:00+00:00,28.087,16.837,50.46242,Sunny
2023-12-03 09:00:00+00:00,28.137,16.786999,50.15629,Sunny
2023-12-03 10:00:00+00:00,27.587,17.087,52.786755,Sunny
2023-12-03 11:00:00+00:00,25.937,17.437,59.470703,Sunny
2023-12-03 12:00:00+00:00,24.637,16.937,62.252544,Sunny
2023-12-03 13:00:00+00:00,22.786999,15.787001,64.674126,Sunny
2023-12-03 14:00:00+00:00,20.987,16.036999,73.34608,Sunny
2023-12-03 15:00:00+00:00,19.387,16.187,81.75063,Sunny
2023-12-03 16:00:00+00:00,19.036999,16.137,83.28635,Sunny
2023-12-03 17:00:00+00:00,19.786999,16.036999,78.985466,Sunny
2023-12-03 18:00:00+00:00,18.187,15.887,86.445175,Sunny
2023-12-03 19:00:00+00:00,17.536999,15.937,90.34256,Sunny
2023-12-03 20:00:00+00:00,16.887,15.837001,93.53429,Cloudy
2023-12-03 21:00:00+00:00,16.487,15.587001,94.41812,Sunny
2023-12-03 22:00:00+00:00,16.286999,15.237,93.50526,Sunny
2023-12-03 23:00:00+00:00,16.237,14.587001,89.95937,Sunny
2023-12-04 00:00:00+00:00,16.187,13.637,84.86022,Sunny
2023-12-04 01:00:00+00:00,16.536999,13.987,84.897964,Sunny
2023-12-04 02:00:00+00:00,18.737,14.337001,75.59785,Sunny
2023-12-04 03:00:00+00:00,21.637,15.037001,66.10735,Sunny
2023-12-04 04:00:00+00:00,24.137,15.337001,57.92303,Sunny
2023-12-04 05:00:00+00:00,25.887,15.437,52.520226,Sunny
2023-12-04 06:00:00+00:00,27.087,14.837001,47.081486,Cloudy
2023-12-04 07:00:00+00:00,27.687,14.737,45.163593,Sunny
2023-12-04 08:00:00+00:00,28.036999,14.687,44.107883,Sunny
2023-12-04 09:00:00+00:00,27.987,14.537001,43.810543,Sunny
2023-12-04 10:00:00+00:00,27.387,15.387,47.925156,Sunny
2023-12-04 11:00:00+00:00,25.637,16.187,55.922516,Cloudy
2023-12-04 12:00:00+00:00,24.837,15.787001,57.170788,Sunny
2023-12-04 13:00:00+00:00,23.637,15.387,59.882412,Cloudy
2023-12-04 14:00:00+00:00,23.286999,15.287001,60.76875,Cloudy
2023-12-04 15:00:00+00:00,22.937,15.187,61.67131,Cloudy
2023-12-04 16:00:00+00:00,20.337,15.537001,73.94031,Cloudy
2023-12-04 17:00:00+00:00,19.937,15.337001,74.826614,Cloudy
2023-12-04 18:00:00+00:00,18.237,15.187,82.39511,Cloudy
2023-12-04 19:00:00+00:00,17.536999,15.037001,85.278885,Cloudy
2023-12-04 20:00:00+00:00,18.286999,14.787001,80.050186,Cloudy
2023-12-04 21:00:00+00:00,19.437,14.687,74.02405,Cloudy
2023-12-04 22:00:00+00:00,16.887,14.837001,87.72112,Cloudy
2023-12-04 23:00:00+00:00,17.937,15.237,84.23274,Cloudy
2023-12-05 00:00:00+00:00,18.036999,15.687,86.1546,Cloudy
2023-12-05 01:00:00+00:00,15.987,15.037001,94.09413,Cloudy
2023-12-05 02:00:00+00:00,18.786999,15.237,79.86186,Cloudy
2023-12-05 03:00:00+00:00,20.087,15.137,73.188965,Cloudy
2023-12-05 04:00:00+00:00,23.387,15.737,62.170086,Cloudy
2023-12-05 05:00:00+00:00,23.437,16.087,63.38425,Cloudy
2023-12-05 06:00:00+00:00,25.387,16.286999,57.121918,Cloudy
2023-12-05 07:00:00+00:00,26.337,16.036999,53.142105,Cloudy
2023-12-05 08:00:00+00:00,25.737,15.437,52.989174,Cloudy
2023-12-05 09:00:00+00:00,25.437,15.187,53.08274,Cloudy
2023-12-05 10:00:00+00:00,24.987,15.587001,55.940895,Cloudy
2023-12-05 11:00:00+00:00,23.837,15.737,60.507286,Cloudy
2023-12-05 12:00:00+00:00,22.737,16.687,68.69945,Cloudy
2023-12-05 13:00:00+00:00,22.286999,15.587001,65.82039,Cloudy
2023-12-05 14:00:00+00:00,22.237,15.487,65.59935,Cloudy
2023-12-05 15:00:00+00:00,21.286999,16.237,72.93217,Cloudy
2023-12-05 16:00:00+00:00,22.237,15.187,64.34866,Cloudy
2023-12-05 17:00:00+00:00,21.837,15.187,65.93709,Cloudy
2023-12-05 18:00:00+00:00,21.237,15.237,68.62305,Cloudy
2023-12-05 19:00:00+00:00,19.587,15.487,77.2078,Cloudy
2023-12-05 20:00:00+00:00,18.187,15.487,84.26055,Cloudy
2023-12-05 21:00:00+00:00,17.036999,15.487,90.59706,Cloudy
2023-12-05 22:00:00+00:00,16.837,15.587001,92.34243,Cloudy
2023-12-05 23:00:00+00:00,16.437,15.537001,94.41604,Cloudy
2023-12-06 00:00:00+00:00,15.987,15.287001,95.61778,Cloudy
2023-12-06 01:00:00+00:00,16.587,15.587001,93.819786,Sunny
2023-12-06 02:00:00+00:00,19.036999,16.187,83.552284,Sunny
2023-12-06 03:00:00+00:00,21.637,16.837,74.16143,Cloudy
2023-12-06 04:00:00+00:00,23.387,16.987,67.31939,Cloudy
2023-12-06 05:00:00+00:00,25.036999,17.036999,61.16999,Cloudy
2023-12-06 06:00:00+00:00,26.286999,16.437,54.675198,Cloudy
2023-12-06 07:00:00+00:00,26.786999,15.887,51.25799,Cloudy
2023-12-06 08:00:00+00:00,26.987,15.787001,50.336037,Cloudy
2023-12-06 09:00:00+00:00,26.737,15.737,50.91839,Cloudy
2023-12-06 10:00:00+00:00,25.687,18.837,65.90509,Cloudy
2023-12-06 11:00:00+00:00,24.137,17.987,68.5406,Cloudy
2023-12-06 12:00:00+00:00,23.087,17.237,69.643936,Cloudy
2023-12-06 13:00:00+00:00,22.337,16.887,71.28775,Cloudy
2023-12-06 14:00:00+00:00,21.737,15.737,68.72175,Cloudy
2023-12-06 15:00:00+00:00,21.137,14.637,66.42978,Cloudy
2023-12-06 16:00:00+00:00,20.587,14.837001,69.60713,Cloudy
2023-12-06 17:00:00+00:00,20.487,14.787001,69.81237,Cloudy
2023-12-06 18:00:00+00:00,20.487,15.437,72.79093,Cloudy
2023-12-06 19:00:00+00:00,20.286999,16.487,78.805786,Cloudy
2023-12-06 20:00:00+00:00,20.187,17.036999,82.1109,Cloudy
2023-12-06 21:00:00+00:00,20.087,17.237,83.67261,Cloudy
2023-12-06 22:00:00+00:00,19.536999,17.337,87.12396,Cloudy
2023-12-06 23:00:00+00:00,19.237,17.387,89.04573,Cloudy
2023-12-07 00:00:00+00:00,19.387,17.437,88.49734,Cloudy
2023-12-07 01:00:00+00:00,19.687,18.087,90.49271,Cloudy
2023-12-07 02:00:00+00:00,20.437,18.137,86.660515,Cloudy
2023-12-07 03:00:00+00:00,21.187,17.937,81.71864,Cloudy
2023-12-07 04:00:00+00:00,22.237,18.087,77.36562,Cloudy
2023-12-07 05:00:00+00:00,22.887,18.137,74.60546,Cloudy
2023-12-07 06:00:00+00:00,23.036999,17.987,73.23753,Cloudy
2023-12-07 07:00:00+00:00,22.187,17.687,75.67287,Cloudy
2023-12-07 08:00:00+00:00,21.587,17.837,79.240326,Rainy
2023-12-07 09:00:00+00:00,20.786999,18.987,89.44596,Rainy
2023-12-07 10:00:00+00:00,20.536999,19.387,93.1259,Rainy
2023-12-07 11:00:00+00:00,20.337,19.387,94.28227,Rainy
2023-12-07 12:00:00+00:00,20.187,19.387,95.16016,Rainy
2023-12-07 13:00:00+00:00,19.687,19.087,96.33679,Cloudy
2023-12-07 14:00:00+00:00,19.837,19.237,96.34087,Rainy
2023-12-07 15:00:00+00:00,19.637,19.187,97.24033,Rainy
2023-12-07 16:00:00+00:00,19.337,19.036999,98.14849,Cloudy
2023-12-07 17:00:00+00:00,19.337,18.887,97.23408,Rainy
2023-12-07 18:00:00+00:00,19.237,18.536999,95.72349,Rainy
2023-12-07 19:00:00+00:00,19.036999,18.286999,95.41744,Cloudy
2023-12-07 20:00:00+00:00,18.937,18.387,96.6185,Cloudy
2023-12-07 21:00:00+00:00,18.887,18.187,95.7123,Cloudy
2023-12-07 22:00:00+00:00,18.536999,17.887,96.00264,Cloudy
2023-12-07 23:00:00+00:00,18.487,17.737,95.39856,Sunny
2023-12-08 00:00:00+00:00,17.137,16.687,97.18777,Sunny
2023-12-08 01:00:00+00:00,17.737,16.887,94.77009,Sunny
2023-12-08 02:00:00+00:00,18.637,17.737,94.50709,Sunny
2023-12-08 03:00:00+00:00,20.337,18.087,86.92373,Sunny
2023-12-08 04:00:00+00:00,21.987,16.937,73.05486,Sunny
2023-12-08 05:00:00+00:00,23.187,16.237,64.966644,Sunny
2023-12-08 06:00:00+00:00,24.237,15.987,60.02246,Sunny
2023-12-08 07:00:00+00:00,25.036999,15.837001,56.673676,Sunny
2023-12-08 08:00:00+00:00,25.536999,15.387,53.450146,Sunny
2023-12-08 09:00:00+00:00,25.536999,15.237,52.93807,Sunny
2023-12-08 10:00:00+00:00,24.887,16.536999,59.792313,Sunny
2023-12-08 11:00:00+00:00,22.286999,17.337,73.570816,Sunny
2023-12-08 12:00:00+00:00,20.237,16.587,79.55374,Sunny
2023-12-08 13:00:00+00:00,19.637,16.637,82.82862,Sunny
2023-12-08 14:00:00+00:00,18.737,16.487,86.77385,Sunny
2023-12-08 15:00:00+00:00,18.487,16.337,87.304504,Sunny
2023-12-08 16:00:00+00:00,18.437,16.387,87.857574,Sunny
2023-12-08 17:00:00+00:00,17.786999,16.137,90.0726,Sunny
2023-12-08 18:00:00+00:00,17.286999,15.837001,91.195564,Sunny
2023-12-08 19:00:00+00:00,17.137,15.737,91.478,Sunny
2023-12-08 20:00:00+00:00,16.687,15.587001,93.22569,Sunny
2023-12-08 21:00:00+00:00,16.137,15.237,94.40344,Sunny
2023-12-08 22:00:00+00:00,15.887,15.087001,95.00198,Sunny
2023-12-08 23:00:00+00:00,15.837001,15.037001,95.00006,Sunny
2023-12-09 00:00:00+00:00,15.637,14.937,95.60614,Sunny
2023-12-09 01:00:00+00:00,16.286999,15.687,96.24182,Sunny
2023-12-09 02:00:00+00:00,17.536999,16.286999,92.38201,Sunny
2023-12-09 03:00:00+00:00,19.187,16.737,85.721924,Sunny
2023-12-09 04:00:00+00:00,20.687,17.187,80.37572,Sunny
2023-12-09 05:00:00+00:00,22.137,17.437,74.71618,Sunny
2023-12-09 06:00:00+00:00,23.387,17.387,69.04445,Sunny
2023-12-09 07:00:00+00:00,24.387,16.937,63.190838,Sunny
2023-12-09 08:00:00+00:00,24.987,15.387,55.228405,Sunny
2023-12-09 09:00:00+00:00,25.237,12.937,46.429565,Sunny
2023-12-09 10:00:00+00:00,24.337,12.637,48.04061,Sunny
2023-12-09 11:00:00+00:00,22.036999,12.887,56.11597,Sunny
2023-12-09 12:00:00+00:00,20.437,12.887,61.90201,Sunny
2023-12-09 13:00:00+00:00,19.137,14.087001,72.55033,Sunny
2023-12-09 14:00:00+00:00,18.337,14.387,77.76584,Sunny
2023-12-09 15:00:00+00:00,17.536999,14.437,82.043396,Sunny
2023-12-09 16:00:00+00:00,17.036999,14.337001,84.132095,Sunny
2023-12-09 17:00:00+00:00,16.387,14.237,87.11125,Sunny
2023-12-09 18:00:00+00:00,15.937,14.087001,88.780235,Sunny
2023-12-09 19:00:00+00:00,15.587001,13.837001,89.32975,Sunny
2023-12-09 20:00:00+00:00,15.037001,13.487,90.457535,Sunny
2023-12-09 21:00:00+00:00,14.237,12.987,92.19275,Sunny
2023-12-09 22:00:00+00:00,13.287001,12.337001,93.97267,Sunny
2023-12-09 23:00:00+00:00,12.687,11.837001,94.566925,Sunny
2023-12-10 00:00:00+00:00,12.487,11.587001,94.24685,Sunny
2023-12-10 01:00:00+00:00,13.237,12.787001,97.1027,Sunny
2023-12-10 02:00:00+00:00,14.837001,13.587001,92.22768,Sunny
2023-12-10 03:00:00+00:00,16.987,14.037001,82.775566,Sunny
2023-12-10 04:00:00+00:00,18.786999,14.037001,73.91242,Sunny
2023-12-10 05:00:00+00:00,20.286999,14.437,69.10125,Sunny
2023-12-10 06:00:00+00:00,21.637,14.787001,65.05192,Sunny
2023-12-10 07:00:00+00:00,22.637,14.837001,61.404945,Sunny
2023-12-10 08:00:00+00:00,23.237,14.437,57.705593,Sunny
2023-12-10 09:00:00+00:00,23.337,13.737,54.814857,Sunny
2023-12-10 10:00:00+00:00,22.687,14.037001,58.134815,Sunny
2023-12-10 11:00:00+00:00,20.487,13.787001,65.43918,Sunny
2023-12-10 12:00:00+00:00,18.887,13.537001,71.10542,Sunny
2023-12-10 13:00:00+00:00,18.487,13.887,74.583534,Sunny
2023-12-10 14:00:00+00:00,17.387,13.987,80.44625,Sunny
2023-12-10 15:00:00+00:00,16.337,13.987,85.98514,Sunny
2023-12-10 16:00:00+00:00,15.637,13.737,88.467834,Sunny
2023-12-10 17:00:00+00:00,15.287001,13.637,89.889015,Sunny
2023-12-10 18:00:00+00:00,14.737,13.687,93.42939,Sunny
2023-12-10 19:00:00+00:00,13.687,12.987,95.54057,Sunny
2023-12-10 20:00:00+00:00,15.287001,13.987,91.955154,Sunny
2023-12-10 21:00:00+00:00,14.337001,13.487,94.63458,Sunny
2023-12-10 22:00:00+00:00,12.887,12.587001,98.05487,Sunny
2023-12-10 23:00:00+00:00,12.337001,12.137,98.69395,Sunny
2023-12-11 00:00:00+00:00,11.937,11.887,99.671036,Sunny
2023-12-11 01:00:00+00:00,13.037001,12.987,99.67386,Cloudy
2023-12-11 02:00:00+00:00,13.937,13.587001,97.75224,Cloudy
2023-12-11 03:00:00+00:00,15.687,15.237,97.15657,Cloudy
2023-12-11 04:00:00+00:00,17.737,16.187,90.645164,Sunny
2023-12-11 05:00:00+00:00,20.286999,16.786999,80.32199,Sunny
2023-12-11 06:00:00+00:00,21.887,16.536999,71.6592,Sunny
2023-12-11 07:00:00+00:00,22.837,15.437,63.049522,Sunny
2023-12-11 08:00:00+00:00,23.286999,14.787001,58.845673,Sunny
2023-12-11 09:00:00+00:00,23.387,14.287001,56.63342,Sunny
2023-12-11 10:00:00+00:00,22.937,14.837001,60.29834,Sunny
2023-12-11 11:00:00+00:00,22.487,14.337001,59.999054,Sunny
2023-12-11 12:00:00+00:00,21.187,14.287001,64.74564,Sunny
2023-12-11 13:00:00+00:00,19.337,15.637,79.17412,Sunny
2023-12-11 14:00:00+00:00,17.036999,15.137,88.58473,Sunny
2023-12-11 15:00:00+00:00,16.687,14.137,84.914085,Sunny
2023-12-11 16:00:00+00:00,16.536999,12.837001,78.77124,Sunny
2023-12-11 17:00:00+00:00,16.237,12.287001,77.44598,Sunny
2023-12-11 18:00:00+00:00,15.637,12.637,82.34087,Sunny
2023-12-11 19:00:00+00:00,15.137,12.987,86.99417,Sunny
2023-12-11 20:00:00+00:00,14.787001,13.037001,89.26692,Sunny
2023-12-11 21:00:00+00:00,14.637,13.087001,90.42928,Sunny
2023-12-11 22:00:00+00:00,14.487,12.937,90.41864,Sunny
2023-12-11 23:00:00+00:00,14.137,12.537001,90.097916,Sunny
2023-12-12 00:00:00+00:00,13.537001,12.037001,90.648865,Sunny
2023-12-12 01:00:00+00:00,13.637,12.387,92.15761,Sunny
2023-12-12 02:00:00+00:00,15.337001,12.637,83.93937,Sunny
2023-12-12 03:00:00+00:00,17.437,13.087001,75.63128,Sunny
2023-12-12 04:00:00+00:00,19.487,13.587001,68.71995,Sunny
2023-12-12 05:00:00+00:00,21.387,13.737,61.71636,Sunny
2023-12-12 06:00:00+00:00,22.937,13.637,55.792866,Sunny
2023-12-12 07:00:00+00:00,23.887,13.487,52.17322,Sunny
2023-12-12 08:00:00+00:00,24.286999,13.187,49.949184,Sunny
2023-12-12 09:00:00+00:00,24.187,12.837001,49.11355,Sunny
2023-12-12 10:00:00+00:00,23.286999,13.337001,53.568066,Sunny
2023-12-12 11:00:00+00:00,20.786999,12.787001,60.18614,Sunny
2023-12-12 12:00:00+00:00,18.887,12.137,64.88185,Sunny
2023-12-12 13:00:00+00:00,19.187,12.587001,65.58906,Sunny
2023-12-12 14:00:00+00:00,18.337,12.937,70.770615,Sunny
2023-12-12 15:00:00+00:00,17.786999,13.087001,73.98058,Sunny
2023-12-12 16:00:00+00:00,16.987,13.137,78.06907,Sunny
2023-12-12 17:00:00+00:00,16.187,12.937,81.0745,Sunny
2023-12-12 18:00:00+00:00,15.137,12.737,85.583115,Sunny
2023-12-12 19:00:00+00:00,14.087001,12.487,90.09424,Sunny
2023-12-12 20:00:00+00:00,13.637,12.187,90.954445,Sunny
2023-12-12 21:00:00+00:00,13.487,11.887,90.050095,Sunny
2023-12-12 22:00:00+00:00,13.287001,11.337001,87.97601,Sunny
2023-12-12 23:00:00+00:00,12.837001,10.837001,87.64452,Sunny
2023-12-13 00:00:00+00:00,12.387,10.487,88.18962,Sunny
2023-12-13 01:00:00+00:00,12.487,10.837001,89.677444,Sunny
2023-12-13 02:00:00+00:00,14.387,11.287001,81.64209,Sunny
2023-12-13 03:00:00+00:00,16.587,12.087001,74.75056,Sunny
2023-12-13 04:00:00+00:00,18.637,12.787001,68.77523,Sunny
2023-12-13 05:00:00+00:00,20.487,13.437,63.966568,Sunny
2023-12-13 06:00:00+00:00,21.937,13.937,60.45552,Sunny
2023-12-13 07:00:00+00:00,22.987,13.537001,55.263615,Sunny
2023-12-13 08:00:00+00:00,23.437,12.987,51.8865,Sunny
2023-12-13 09:00:00+00:00,23.487,12.337001,49.573597,Sunny
2023-12-13 10:00:00+00:00,22.786999,12.137,51.041237,Sunny
2023-12-13 11:00:00+00:00,20.536999,11.687,56.856785,Sunny
2023-12-13 12:00:00+00:00,18.937,11.187,60.747,Sunny
2023-12-13 13:00:00+00:00,18.887,11.187,60.93691,Sunny
2023-12-13 14:00:00+00:00,17.237,10.987,66.70289,Sunny
2023-12-13 15:00:00+00:00,15.987,11.087001,72.69736,Sunny
2023-12-13 16:00:00+00:00,14.737,11.137,79.02879,Sunny
2023-12-13 17:00:00+00:00,13.987,11.087001,82.68066,Sunny
2023-12-13 18:00:00+00:00,13.787001,10.887,82.65601,Sunny
2023-12-13 19:00:00+00:00,13.387,10.587001,83.15873,Sunny
2023-12-13 20:00:00+00:00,12.787001,10.237,84.486404,Sunny
2023-12-13 21:00:00+00:00,11.987,9.837001,86.69212,Sunny
2023-12-13 22:00:00+00:00,11.337001,9.537001,88.6914,Sunny
2023-12-13 23:00:00+00:00,10.937,9.287001,89.55752,Sunny
2023-12-14 00:00:00+00:00,10.737,9.087001,89.54188,Sunny
2023-12-14 01:00:00+00:00,11.037001,9.887,92.62088,Sunny
2023-12-14 02:00:00+00:00,13.537001,10.737,83.17677,Sunny
2023-12-14 03:00:00+00:00,15.887,11.337001,74.38527,Sunny
2023-12-14 04:00:00+00:00,17.887,11.637,66.83908,Sunny
2023-12-14 05:00:00+00:00,19.587,12.137,62.11441,Sunny
2023-12-14 06:00:00+00:00,20.937,12.687,59.244232,Sunny
2023-12-14 07:00:00+00:00,21.937,12.937,56.644123,Sunny
2023-12-14 08:00:00+00:00,22.387,12.937,55.112747,Sunny
2023-12-14 09:00:00+00:00,22.286999,12.887,55.26801,Sunny
2023-12-14 10:00:00+00:00,21.536999,12.987,58.23559,Sunny
2023-12-14 11:00:00+00:00,19.187,12.887,66.89016,Sunny
2023-12-14 12:00:00+00:00,16.786999,12.537001,76.02174,Sunny
2023-12-14 13:00:00+00:00,16.837,12.387,75.03875,Sunny
2023-12-14 14:00:00+00:00,16.337,12.387,77.46136,Sunny
2023-12-14 15:00:00+00:00,15.787001,12.537001,81.02157,Sunny
2023-12-14 16:00:00+00:00,14.837001,12.737,87.25106,Sunny
2023-12-14 17:00:00+00:00,13.837001,12.437,91.26695,Sunny
2023-12-14 18:00:00+00:00,13.287001,12.137,92.745346,Sunny
2023-12-14 19:00:00+00:00,12.887,11.837001,93.337105,Sunny
2023-12-14 20:00:00+00:00,12.837001,11.837001,93.642876,Sunny
2023-12-14 21:00:00+00:00,12.487,11.687,94.87135,Sunny
2023-12-14 22:00:00+00:00,11.637,11.037001,96.105896,Sunny
2023-12-14 23:00:00+00:00,11.287001,10.787001,96.736664,Sunny
2023-12-15 00:00:00+00:00,11.187,10.937,98.355125,Sunny
2023-12-15 01:00:00+00:00,12.687,12.437,98.374214,Sunny
2023-12-15 02:00:00+00:00,12.887,12.687,98.699524,Cloudy
2023-12-15 03:00:00+00:00,14.987,13.987,93.74521,Sunny
2023-12-15 04:00:00+00:00,18.137,15.087001,82.38286,Sunny
2023-12-15 05:00:00+00:00,20.387,14.837001,70.47115,Sunny
2023-12-15 06:00:00+00:00,21.687,14.287001,62.793198,Sunny
2023-12-15 07:00:00+00:00,22.587,13.637,56.98947,Sunny
2023-12-15 08:00:00+00:00,23.036999,12.987,53.155655,Sunny
2023-12-15 09:00:00+00:00,23.087,12.987,52.995106,Sunny
2023-12-15 10:00:00+00:00,22.286999,13.887,58.988304,Sunny
2023-12-15 11:00:00+00:00,19.036999,14.387,74.43522,Sunny
2023-12-15 12:00:00+00:00,17.587,13.537001,77.148895,Sunny
2023-12-15 13:00:00+00:00,16.937,12.687,76.04599,Sunny
2023-12-15 14:00:00+00:00,16.087,13.137,82.66613,Sunny
2023-12-15 15:00:00+00:00,15.337001,12.687,84.21479,Sunny
2023-12-15 16:00:00+00:00,14.487,11.987,84.95433,Sunny
2023-12-15 17:00:00+00:00,13.787001,11.537001,86.29393,Sunny
2023-12-15 18:00:00+00:00,13.587001,11.487,87.13446,Sunny
2023-12-15 19:00:00+00:00,13.437,11.487,87.98925,Sunny
2023-12-15 20:00:00+00:00,13.237,11.487,89.14362,Sunny
2023-12-15 21:00:00+00:00,13.037001,11.437,90.0168,Sunny
2023-12-15 22:00:00+00:00,12.737,11.287001,90.893486,Sunny
2023-12-15 23:00:00+00:00,12.337001,10.887,90.866196,Sunny
2023-12-16 00:00:00+00:00,11.937,10.537001,91.14194,Sunny
2023-12-16 01:00:00+00:00,11.987,10.687,91.75399,Sunny
2023-12-16 02:00:00+00:00,14.037001,11.487,84.62539,Sunny
2023-12-16 03:00:00+00:00,16.337,12.437,77.71601,Sunny
2023-12-16 04:00:00+00:00,18.687,13.087001,69.91838,Sunny
2023-12-16 05:00:00+00:00,20.786999,13.187,61.78011,Sunny
2023-12-16 06:00:00+00:00,22.337,12.537001,53.851543,Sunny
2023-12-16 07:00:00+00:00,23.337,11.387,46.98733,Sunny
2023-12-16 08:00:00+00:00,23.687,10.737,44.0645,Sunny
2023-12-16 09:00:00+00:00,23.536999,10.537001,43.876465,Sunny
2023-12-16 10:00:00+00:00,22.536999,12.387,52.679844,Sunny
2023-12-16 11:00:00+00:00,19.387,12.337001,63.723618,Sunny
2023-12-16 12:00:00+00:00,17.536999,11.437,67.43199,Sunny
2023-12-16 13:00:00+00:00,16.987,10.887,67.3182,Sunny
2023-12-16 14:00:00+00:00,15.787001,11.187,74.12211,Sunny
2023-12-16 15:00:00+00:00,15.237,11.337001,77.54765,Sunny
2023-12-16 16:00:00+00:00,14.337001,11.537001,83.27242,Sunny
2023-12-16 17:00:00+00:00,13.687,11.487,86.56977,Sunny
2023-12-16 18:00:00+00:00,13.137,11.237,88.254684,Sunny
2023-12-16 19:00:00+00:00,13.137,11.287001,88.54746,Sunny
2023-12-16 20:00:00+00:00,12.937,11.037001,88.23738,Sunny
2023-12-16 21:00:00+00:00,12.487,10.787001,89.37988,Sunny
2023-12-16 22:00:00+00:00,12.287001,10.687,89.960945,Sunny
2023-12-16 23:00:00+00:00,11.987,10.637,91.44918,Sunny
2023-12-17 00:00:00+00:00,11.387,10.337001,93.26088,Sunny
2023-12-17 01:00:00+00:00,11.787001,10.787001,93.592,Sunny
2023-12-17 02:00:00+00:00,13.537001,11.887,89.757545,Sunny
2023-12-17 03:00:00+00:00,16.036999,13.137,82.9303,Sunny
2023-12-17 04:00:00+00:00,18.786999,13.837001,72.95973,Sunny
2023-12-17 05:00:00+00:00,20.937,13.737,63.44441,Sunny
2023-12-17 06:00:00+00:00,22.587,13.037001,54.80407,Sunny
2023-12-17 07:00:00+00:00,23.637,11.987,48.00948,Sunny
2023-12-17 08:00:00+00:00,24.137,11.737,45.826225,Sunny
2023-12-17 09:00:00+00:00,24.036999,12.037001,47.02285,Sunny
2023-12-17 10:00:00+00:00,23.036999,13.737,55.81779,Sunny
2023-12-17 11:00:00+00:00,19.587,13.737,68.9635,Sunny
2023-12-17 12:00:00+00:00,18.137,11.987,67.33346,Sunny
2023-12-17 13:00:00+00:00,18.036999,10.787001,62.585354,Sunny
2023-12-17 14:00:00+00:00,16.387,11.137,71.10252,Sunny
2023-12-17 15:00:00+00:00,16.237,11.537001,73.711205,Sunny
2023-12-17 16:00:00+00:00,15.737,11.587001,76.35403,Sunny
2023-12-17 17:00:00+00:00,15.087001,11.237,77.78184,Sunny
2023-12-17 18:00:00+00:00,14.287001,10.837001,79.75483,Sunny
2023-12-17 19:00:00+00:00,13.587001,10.487,81.538124,Sunny
2023-12-17 20:00:00+00:00,12.887,10.237,83.935455,Sunny
2023-12-17 21:00:00+00:00,12.537001,10.087001,85.02515,Sunny
2023-12-17 22:00:00+00:00,12.087001,9.987,86.99247,Sunny
2023-12-17 23:00:00+00:00,11.587001,9.687,88.11964,Sunny
2023-12-18 00:00:00+00:00,10.987,9.187,88.66195,Sunny
2023-12-18 01:00:00+00:00,11.787001,10.387,91.13195,Sunny
2023-12-18 02:00:00+00:00,13.737,10.237,79.411446,Sunny
2023-12-18 03:00:00+00:00,16.036999,10.787001,71.036316,Sunny
2023-12-18 04:00:00+00:00,18.187,11.287001,64.08994,Sunny
2023-12-18 05:00:00+00:00,20.237,11.937,58.88238,Sunny
2023-12-18 06:00:00+00:00,21.987,12.287001,54.116386,Sunny
2023-12-18 07:00:00+00:00,23.087,11.887,49.30404,Sunny
2023-12-18 08:00:00+00:00,23.536999,11.437,46.577686,Sunny
2023-12-18 09:00:00+00:00,23.487,11.187,45.951336,Sunny
2023-12-18 10:00:00+00:00,22.587,12.337001,52.347965,Sunny
2023-12-18 11:00:00+00:00,19.737,12.287001,62.148674,Sunny
2023-12-18 12:00:00+00:00,17.786999,11.687,67.48354,Sunny
2023-12-18 13:00:00+00:00,17.737,11.337001,66.14799,Sunny
2023-12-18 14:00:00+00:00,16.036999,11.837001,76.15069,Sunny
2023-12-18 15:00:00+00:00,14.937,11.987,82.52484,Sunny
2023-12-18 16:00:00+00:00,14.437,11.937,84.94891,Sunny
2023-12-18 17:00:00+00:00,13.987,11.887,87.171936,Sunny
2023-12-18 18:00:00+00:00,13.537001,11.637,88.28918,Sunny
2023-12-18 19:00:00+00:00,13.087001,11.287001,88.83697,Sunny
2023-12-18 20:00:00+00:00,12.687,10.837001,88.509384,Sunny
2023-12-18 21:00:00+00:00,12.537001,10.637,88.202675,Sunny
2023-12-18 22:00:00+00:00,12.037001,10.387,89.64283,Sunny
2023-12-18 23:00:00+00:00,11.237,9.987,92.0146,Sunny
2023-12-19 00:00:00+00:00,10.537001,9.537001,93.53064,Sunny
2023-12-19 01:00:00+00:00,11.137,10.237,94.187294,Sunny
2023-12-19 02:00:00+00:00,13.087001,11.137,87.958336,Sunny
2023-12-19 03:00:00+00:00,15.587001,11.887,78.631996,Sunny
2023-12-19 04:00:00+00:00,18.087,12.537001,70.03139,Sunny
2023-12-19 05:00:00+00:00,20.137,12.887,63.05992,Sunny
2023-12-19 06:00:00+00:00,21.637,13.187,58.6413,Sunny
2023-12-19 07:00:00+00:00,22.687,13.037001,54.472496,Sunny
2023-12-19 08:00:00+00:00,23.286999,12.687,51.34075,Sunny
2023-12-19 09:00:00+00:00,23.437,12.437,50.05086,Sunny
2023-12-19 10:00:00+00:00,22.737,13.737,56.84137,Sunny
2023-12-19 11:00:00+00:00,20.087,14.037001,68.17318,Sunny
2023-12-19 12:00:00+00:00,17.437,13.237,76.37525,Sunny
2023-12-19 13:00:00+00:00,17.587,12.287001,71.09404,Sunny
2023-12-19 14:00:00+00:00,16.937,12.137,73.34942,Sunny
2023-12-19 15:00:00+00:00,16.137,12.037001,76.67014,Sunny
2023-12-19 16:00:00+00:00,15.587001,12.287001,80.72941,Sunny
2023-12-19 17:00:00+00:00,15.187,12.587001,84.474365,Cloudy
2023-12-19 18:00:00+00:00,14.937,12.637,86.125084,Sunny
2023-12-19 19:00:00+00:00,14.637,12.437,86.66211,Sunny
2023-12-19 20:00:00+00:00,14.187,12.187,87.7661,Sunny
2023-12-19 21:00:00+00:00,13.737,11.937,88.89035,Cloudy
2023-12-19 22:00:00+00:00,13.337001,11.587001,89.15162,Sunny
2023-12-19 23:00:00+00:00,12.937,11.187,89.1195,Sunny
2023-12-20 00:00:00+00:00,12.487,10.787001,89.37988,Sunny
2023-12-20 01:00:00+00:00,11.787001,10.887,94.21608,Sunny
2023-12-20 02:00:00+00:00,13.687,11.587001,87.14384,Cloudy
2023-12-20 03:00:00+00:00,16.137,12.137,77.17637,Sunny
2023-12-20 04:00:00+00:00,18.437,12.637,68.96099,Cloudy
2023-12-20 05:00:00+00:00,20.487,13.087001,62.523197,Sunny
2023-12-20 06:00:00+00:00,22.087,13.337001,57.61315,Sunny
2023-12-20 07:00:00+00:00,23.237,13.087001,52.860947,Cloudy
2023-12-20 08:00:00+00:00,23.837,12.637,49.50442,Sunny
2023-12-20 09:00:00+00:00,23.987,12.237,47.788906,Sunny
2023-12-20 10:00:00+00:00,23.087,14.587001,58.798,Sunny
2023-12-20 11:00:00+00:00,20.637,14.037001,65.89708,Sunny
2023-12-20 12:00:00+00:00,17.637,13.487,76.656235,Sunny
2023-12-20 13:00:00+00:00,18.437,13.087001,71.02107,Sunny
2023-12-20 14:00:00+00:00,17.137,13.137,77.33112,Sunny
2023-12-20 15:00:00+00:00,16.536999,13.087001,80.06897,Sunny
2023-12-20 16:00:00+00:00,16.036999,12.737,80.78981,Sunny
2023-12-20 17:00:00+00:00,15.287001,12.537001,83.65894,Sunny
2023-12-20 18:00:00+00:00,14.337001,12.387,88.068184,Sunny
2023-12-20 19:00:00+00:00,13.737,12.037001,89.47774,Sunny
2023-12-20 20:00:00+00:00,13.387,11.687,89.45047,Sunny
2023-12-20 21:00:00+00:00,12.837001,11.237,90.00195,Sunny
2023-12-20 22:00:00+00:00,12.137,10.687,90.852516,Cloudy
2023-12-20 23:00:00+00:00,11.887,10.387,90.53301,Sunny
2023-12-21 00:00:00+00:00,11.087001,9.737,91.391045,Sunny
2023-12-21 01:00:00+00:00,11.287001,10.187,92.94485,Sunny
2023-12-21 02:00:00+00:00,12.937,10.887,87.36297,Sunny
2023-12-21 03:00:00+00:00,15.387,11.587001,78.08512,Sunny
2023-12-21 04:00:00+00:00,17.786999,12.287001,70.203705,Sunny
2023-12-21 05:00:00+00:00,19.987,13.337001,65.54557,Sunny
2023-12-21 06:00:00+00:00,21.786999,13.987,61.20978,Sunny
2023-12-21 07:00:00+00:00,23.036999,14.187,57.4708,Sunny
2023-12-21 08:00:00+00:00,23.687,14.037001,54.725376,Sunny
2023-12-21 09:00:00+00:00,23.786999,13.987,54.220947,Sunny
2023-12-21 10:00:00+00:00,23.137,14.837001,59.57307,Sunny
2023-12-21 11:00:00+00:00,20.036999,15.687,76.051384,Sunny
2023-12-21 12:00:00+00:00,18.437,14.937,80.07074,Sunny
2023-12-21 13:00:00+00:00,17.237,14.037001,81.4761,Sunny
2023-12-21 14:00:00+00:00,16.087,13.587001,85.12587,Sunny
2023-12-21 15:00:00+00:00,15.487,13.337001,87.027115,Sunny
2023-12-21 16:00:00+00:00,14.937,13.187,89.27875,Sunny
2023-12-21 17:00:00+00:00,14.387,12.937,91.00476,Sunny
2023-12-21 18:00:00+00:00,13.937,12.737,92.477516,Sunny
2023-12-21 19:00:00+00:00,13.687,12.687,93.68363,Sunny
2023-12-21 20:00:00+00:00,13.487,12.587001,94.2904,Sunny
2023-12-21 21:00:00+00:00,13.287001,12.437,94.5917,Cloudy
2023-12-21 22:00:00+00:00,12.637,11.987,95.81975,Cloudy
2023-12-21 23:00:00+00:00,12.187,11.587001,96.122345,Sunny
2023-12-22 00:00:00+00:00,11.587001,11.037001,96.42384,Sunny
2023-12-22 01:00:00+00:00,12.037001,11.337001,95.48393,Sunny
2023-12-22 02:00:00+00:00,14.037001,12.137,88.332085,Sunny
2023-12-22 03:00:00+00:00,17.036999,12.687,75.565735,Sunny
2023-12-22 04:00:00+00:00,19.837,12.837001,64.032425,Sunny
2023-12-22 05:00:00+00:00,21.737,12.337001,55.12937,Cloudy
2023-12-22 06:00:00+00:00,23.137,12.237,50.300793,Sunny
2023-12-22 07:00:00+00:00,24.087,12.687,48.926346,Sunny
2023-12-22 08:00:00+00:00,24.487,13.237,49.515633,Sunny
2023-12-22 09:00:00+00:00,24.487,13.637,50.82235,Sunny
2023-12-22 10:00:00+00:00,23.687,14.437,56.160496,Cloudy
2023-12-22 11:00:00+00:00,21.536999,14.537001,64.4041,Cloudy
2023-12-22 12:00:00+00:00,19.437,13.837001,70.06285,Cloudy
2023-12-22 13:00:00+00:00,18.587,13.687,73.16161,Cloudy
2023-12-22 14:00:00+00:00,18.536999,13.537001,72.678535,Cloudy
2023-12-22 15:00:00+00:00,17.837,13.587001,76.190735,Cloudy
2023-12-22 16:00:00+00:00,17.837,12.587001,71.374596,Cloudy
2023-12-22 17:00:00+00:00,17.887,11.237,65.09379,Cloudy
2023-12-22 18:00:00+00:00,17.337,11.037001,66.50292,Cloudy
2023-12-22 19:00:00+00:00,17.137,10.687,65.80107,Cloudy
2023-12-22 20:00:00+00:00,17.337,10.387,63.68852,Cloudy
2023-12-22 21:00:00+00:00,17.036999,10.237,64.26216,Cloudy
2023-12-22 22:00:00+00:00,16.887,10.187,64.659584,Cloudy
2023-12-22 23:00:00+00:00,15.987,10.237,68.69909,Cloudy
2023-12-23 00:00:00+00:00,15.787001,10.287001,69.81525,Cloudy
2023-12-23 01:00:00+00:00,16.536999,10.137,65.89195,Cloudy
2023-12-23 02:00:00+00:00,17.337,10.737,65.19064,Cloudy
2023-12-23 03:00:00+00:00,19.087,11.837001,62.823624,Cloudy
2023-12-23 04:00:00+00:00,21.036999,12.587001,58.49673,Cloudy
2023-12-23 05:00:00+00:00,22.987,12.837001,52.796356,Cloudy
2023-12-23 06:00:00+00:00,23.786999,12.887,50.47286,Sunny
2023-12-23 07:00:00+00:00,24.987,13.187,47.901993,Sunny
2023-12-23 08:00:00+00:00,25.387,13.287001,47.080727,Sunny
2023-12-23 09:00:00+00:00,25.237,13.387,47.813267,Sunny
2023-12-23 10:00:00+00:00,24.437,13.937,51.977566,Sunny
2023-12-23 11:00:00+00:00,21.187,15.137,68.39308,Sunny
2023-12-23 12:00:00+00:00,19.487,14.187,71.448326,Sunny
2023-12-23 13:00:00+00:00,19.536999,13.387,67.620674,Sunny
2023-12-23 14:00:00+00:00,18.786999,12.887,68.58048,Sunny
2023-12-23 15:00:00+00:00,18.237,12.387,68.69547,Sunny
2023-12-23 16:00:00+00:00,17.937,11.837001,67.5144,Sunny
2023-12-23 17:00:00+00:00,17.487,11.687,68.77188,Sunny
2023-12-23 18:00:00+00:00,16.786999,11.587001,71.413506,Sunny
2023-12-23 19:00:00+00:00,16.437,11.287001,71.584656,Sunny
2023-12-23 20:00:00+00:00,15.937,11.037001,72.68832,Sunny
2023-12-23 21:00:00+00:00,15.237,10.787001,74.76907,Sunny
2023-12-23 22:00:00+00:00,14.537001,10.637,77.4396,Sunny
2023-12-23 23:00:00+00:00,14.087001,10.437,78.67138,Sunny
2023-12-24 00:00:00+00:00,13.887,10.237,78.641785,Sunny
2023-12-24 01:00:00+00:00,13.837001,9.937,77.33078,Sunny
2023-12-24 02:00:00+00:00,15.337001,10.087001,70.90325,Sunny
2023-12-24 03:00:00+00:00,18.137,10.787001,62.19342,Sunny
2023-12-24 04:00:00+00:00,20.786999,11.437,55.070538,Sunny
2023-12-24 05:00:00+00:00,22.837,11.487,48.751408,Sunny
2023-12-24 06:00:00+00:00,24.387,11.187,43.531933,Sunny
2023-12-24 07:00:00+00:00,25.286999,10.687,39.907555,Sunny
2023-12-24 08:00:00+00:00,25.487,11.287001,41.03824,Sunny
2023-12-24 09:00:00+00:00,25.387,11.737,42.529415,Sunny
2023-12-24 10:00:00+00:00,24.487,13.087001,49.033302,Sunny
2023-12-24 11:00:00+00:00,21.687,13.787001,60.79082,Sunny
2023-12-24 12:00:00+00:00,19.337,12.887,66.26838,Sunny
2023-12-24 13:00:00+00:00,19.437,13.037001,66.50633,Sunny
2023-12-24 14:00:00+00:00,18.687,12.787001,68.560486,Sunny
2023-12-24 15:00:00+00:00,18.036999,12.387,69.5637,Sunny
2023-12-24 16:00:00+00:00,18.087,11.987,67.54523,Sunny
2023-12-24 17:00:00+00:00,16.987,11.537001,70.28106,Sunny
2023-12-24 18:00:00+00:00,15.937,11.687,75.88368,Sunny
2023-12-24 19:00:00+00:00,15.337001,11.837001,79.639336,Sunny
2023-12-24 20:00:00+00:00,14.887,11.937,82.518654,Sunny
2023-12-24 21:00:00+00:00,14.687,11.937,83.58901,Sunny
2023-12-24 22:00:00+00:00,14.287001,11.587001,83.81864,Sunny
2023-12-24 23:00:00+00:00,13.937,11.037001,82.67449,Sunny
2023-12-25 00:00:00+00:00,13.387,10.587001,83.15873,Sunny
2023-12-25 01:00:00+00:00,12.987,10.287001,83.66734,Sunny
2023-12-25 02:00:00+00:00,15.087001,10.337001,73.26406,Sunny
2023-12-25 03:00:00+00:00,18.837,11.037001,60.52242,Sunny
2023-12-25 04:00:00+00:00,21.587,11.787001,53.659046,Sunny
2023-12-25 05:00:00+00:00,23.487,11.787001,47.810993,Sunny
2023-12-25 06:00:00+00:00,24.737,12.287001,45.83964,Sunny
2023-12-25 07:00:00+00:00,25.536999,12.587001,44.575718,Sunny
2023-12-25 08:00:00+00:00,25.887,12.537001,43.51709,Sunny
2023-12-25 09:00:00+00:00,25.786999,12.387,43.34695,Sunny
2023-12-25 10:00:00+00:00,25.036999,13.287001,48.071934,Sunny
2023-12-25 11:00:00+00:00,22.137,14.987,63.9146,Sunny
2023-12-25 12:00:00+00:00,20.387,13.387,64.153244,Sunny
2023-12-25 13:00:00+00:00,20.036999,13.237,64.91839,Sunny
2023-12-25 14:00:00+00:00,18.337,13.837001,75.04398,Sunny
2023-12-25 15:00:00+00:00,17.737,14.137,79.458405,Sunny
2023-12-25 16:00:00+00:00,16.987,14.287001,84.126465,Sunny
2023-12-25 17:00:00+00:00,16.637,14.437,86.8535,Sunny
2023-12-25 18:00:00+00:00,16.187,14.387,89.08819,Sunny
2023-12-25 19:00:00+00:00,15.537001,14.037001,90.78649,Sunny
2023-12-25 20:00:00+00:00,14.887,13.637,92.230576,Sunny
2023-12-25 21:00:00+00:00,14.537001,13.537001,93.72399,Sunny
2023-12-25 22:00:00+00:00,14.037001,13.287001,95.24153,Sunny
2023-12-25 23:00:00+00:00,13.437,12.937,96.790306,Sunny
2023-12-26 00:00:00+00:00,13.087001,12.687,97.41794,Sunny
2023-12-26 01:00:00+00:00,13.987,12.887,93.08738,Sunny
2023-12-26 02:00:00+00:00,14.937,13.187,89.27875,Sunny
2023-12-26 03:00:00+00:00,17.937,14.237,78.97405,Sunny
2023-12-26 04:00:00+00:00,20.687,14.987,69.85085,Sunny
2023-12-26 05:00:00+00:00,22.637,15.187,62.803112,Sunny
2023-12-26 06:00:00+00:00,23.987,15.087001,57.516064,Sunny
2023-12-26 07:00:00+00:00,24.887,14.887,53.801975,Sunny
2023-12-26 08:00:00+00:00,25.337,14.637,51.54162,Sunny
2023-12-26 09:00:00+00:00,25.437,14.287001,50.09063,Sunny
2023-12-26 10:00:00+00:00,24.887,14.087001,51.092552,Sunny
2023-12-26 11:00:00+00:00,22.036999,15.787001,67.691055,Sunny
2023-12-26 12:00:00+00:00,20.587,14.137,66.53008,Sunny
2023-12-26 13:00:00+00:00,19.137,14.737,75.6629,Sunny
2023-12-26 14:00:00+00:00,18.286999,14.637,79.27971,Sunny
2023-12-26 15:00:00+00:00,17.587,13.887,78.9236,Sunny
2023-12-26 16:00:00+00:00,16.786999,13.387,80.36482,Sunny
2023-12-26 17:00:00+00:00,16.036999,13.437,84.56828,Sunny
2023-12-26 18:00:00+00:00,15.687,13.837001,88.759735,Sunny
2023-12-26 19:00:00+00:00,14.987,13.737,92.236374,Sunny
2023-12-26 20:00:00+00:00,14.187,13.187,93.70741,Sunny
2023-12-26 21:00:00+00:00,14.187,13.037001,92.79424,Sunny
2023-12-26 22:00:00+00:00,13.437,12.637,94.90834,Sunny
2023-12-26 23:00:00+00:00,12.887,12.237,95.82775,Sunny
2023-12-27 00:00:00+00:00,12.637,11.937,95.504654,Sunny
2023-12-27 01:00:00+00:00,12.687,11.737,93.945175,Sunny
2023-12-27 02:00:00+00:00,14.387,12.137,86.35345,Sunny
2023-12-27 03:00:00+00:00,17.687,13.237,75.180374,Sunny
2023-12-27 04:00:00+00:00,20.536999,13.937,65.87596,Sunny
2023-12-27 05:00:00+00:00,22.587,14.037001,58.48868,Sunny
2023-12-27 06:00:00+00:00,23.987,14.237,54.44753,Sunny
2023-12-27 07:00:00+00:00,24.837,14.137,51.411484,Sunny
2023-12-27 08:00:00+00:00,25.286999,13.887,49.246445,Sunny
2023-12-27 09:00:00+00:00,25.337,13.487,47.84017,Sunny
2023-12-27 10:00:00+00:00,24.737,13.937,51.053295,Sunny
2023-12-27 11:00:00+00:00,21.737,15.487,67.63046,Sunny
2023-12-27 12:00:00+00:00,20.737,14.187,66.13195,Sunny
2023-12-27 13:00:00+00:00,19.837,14.787001,72.675446,Sunny
2023-12-27 14:00:00+00:00,19.387,14.737,74.49435,Sunny
2023-12-27 15:00:00+00:00,18.437,15.037001,80.58758,Sunny
2023-12-27 16:00:00+00:00,17.536999,15.087001,85.55351,Sunny
2023-12-27 17:00:00+00:00,16.987,14.887,87.44803,Sunny
2023-12-27 18:00:00+00:00,16.237,14.537001,89.66947,Sunny
2023-12-27 19:00:00+00:00,15.437,14.037001,91.370224,Sunny
2023-12-27 20:00:00+00:00,14.837001,13.737,93.131355,Sunny
2023-12-27 21:00:00+00:00,14.337001,13.437,94.32703,Sunny
2023-12-27 22:00:00+00:00,14.287001,13.437,94.63257,Sunny
2023-12-27 23:00:00+00:00,13.737,13.037001,95.542274,Sunny
2023-12-28 00:00:00+00:00,13.487,12.887,96.16084,Sunny
2023-12-28 01:00:00+00:00,13.937,13.487,97.11824,Sunny
2023-12-28 02:00:00+00:00,15.637,14.387,92.27388,Sunny
2023-12-28 03:00:00+00:00,18.187,15.337001,83.453926,Sunny
2023-12-28 04:00:00+00:00,20.737,15.737,73.06855,Sunny
2023-12-28 05:00:00+00:00,22.737,15.637,64.250885,Sunny
2023-12-28 06:00:00+00:00,24.237,15.087001,56.659492,Sunny
2023-12-28 07:00:00+00:00,25.137,15.137,53.865364,Sunny
2023-12-28 08:00:00+00:00,25.536999,15.187,52.768333,Sunny
2023-12-28 09:00:00+00:00,25.487,14.887,51.9139,Sunny
2023-12-28 10:00:00+00:00,25.237,14.987,53.03162,Sunny
2023-12-28 11:00:00+00:00,24.337,15.337001,57.23252,Sunny
2023-12-28 12:00:00+00:00,22.987,15.537001,62.881084,Sunny
2023-12-28 13:00:00+00:00,22.337,15.537001,65.41063,Sunny
2023-12-28 14:00:00+00:00,19.837,15.337001,75.291695,Sunny
2023-12-28 15:00:00+00:00,19.187,14.837001,75.915184,Sunny
2023-12-28 16:00:00+00:00,18.437,14.687,78.791405,Sunny
2023-12-28 17:00:00+00:00,17.587,14.637,82.84796,Sunny
2023-12-28 18:00:00+00:00,17.087,14.437,84.41001,Sunny
2023-12-28 19:00:00+00:00,16.487,14.337001,87.120544,Sunny
2023-12-28 20:00:00+00:00,15.887,14.237,89.93354,Sunny
2023-12-28 21:00:00+00:00,15.437,13.987,91.07453,Sunny
2023-12-28 22:00:00+00:00,14.887,13.837001,93.4368,Sunny
2023-12-28 23:00:00+00:00,14.387,13.587001,94.94497,Sunny
2023-12-29 00:00:00+00:00,13.787001,13.237,96.483826,Sunny
2023-12-29 01:00:00+00:00,14.437,13.737,95.565956,Sunny
2023-12-29 02:00:00+00:00,15.737,14.087001,89.92245,Sunny
2023-12-29 03:00:00+00:00,18.387,14.787001,79.549835,Sunny
2023-12-29 04:00:00+00:00,21.237,15.137,68.183624,Sunny
2023-12-29 05:00:00+00:00,23.087,14.937,60.139435,Sunny
2023-12-29 06:00:00+00:00,24.437,14.887,55.268764,Sunny
2023-12-29 07:00:00+00:00,25.387,14.637,51.388615,Sunny
2023-12-29 08:00:00+00:00,25.837,14.337001,49.074123,Sunny
2023-12-29 09:00:00+00:00,25.837,14.137,48.44305,Sunny
2023-12-29 10:00:00+00:00,25.337,14.237,50.226555,Sunny
2023-12-29 11:00:00+00:00,22.737,15.287001,62.82541,Sunny
2023-12-29 12:00:00+00:00,21.286999,14.387,64.76723,Sunny
2023-12-29 13:00:00+00:00,20.637,14.587001,68.28341,Sunny
2023-12-29 14:00:00+00:00,19.687,14.787001,73.35474,Sunny
2023-12-29 15:00:00+00:00,18.786999,14.837001,77.833565,Sunny
2023-12-29 16:00:00+00:00,18.087,14.737,80.80068,Sunny
2023-12-29 17:00:00+00:00,17.137,14.687,85.51225,Sunny
2023-12-29 18:00:00+00:00,16.437,14.587001,88.82108,Sunny
2023-12-29 19:00:00+00:00,16.087,14.387,89.65811,Sunny
2023-12-29 20:00:00+00:00,15.587001,14.037001,90.49619,Sunny
2023-12-29 21:00:00+00:00,15.187,13.787001,91.35421,Sunny
2023-12-29 22:00:00+00:00,14.587001,13.387,92.51405,Sunny
2023-12-29 23:00:00+00:00,13.937,12.987,94.00224,Sunny
2023-12-30 00:00:00+00:00,13.337001,12.537001,94.90447,Sunny
2023-12-30 01:00:00+00:00,13.587001,12.887,95.53716,Sunny
2023-12-30 02:00:00+00:00,15.187,13.537001,89.88158,Sunny
2023-12-30 03:00:00+00:00,17.387,14.087001,80.969376,Sunny
2023-12-30 04:00:00+00:00,19.487,14.387,72.378716,Sunny
2023-12-30 05:00:00+00:00,21.437,14.537001,64.79956,Sunny
2023-12-30 06:00:00+00:00,23.187,14.387,57.69347,Sunny
2023-12-30 07:00:00+00:00,24.286999,14.137,53.131046,Sunny
2023-12-30 08:00:00+00:00,24.937,13.837001,50.121098,Sunny
2023-12-30 09:00:00+00:00,25.137,13.587001,48.72909,Sunny
2023-12-30 10:00:00+00:00,24.587,13.437,49.86602,Sunny
2023-12-30 11:00:00+00:00,22.137,13.987,59.916874,Sunny
2023-12-30 12:00:00+00:00,19.887,13.587001,67.03512,Sunny
2023-12-30 13:00:00+00:00,18.737,13.687,72.47845,Sunny
2023-12-30 14:00:00+00:00,17.536999,13.837001,78.9164,Sunny
2023-12-30 15:00:00+00:00,16.187,13.937,86.52973,Sunny
2023-12-30 16:00:00+00:00,15.687,13.837001,88.759735,Sunny
2023-12-30 17:00:00+00:00,14.987,13.587001,91.34138,Sunny
2023-12-30 18:00:00+00:00,14.437,13.237,92.50564,Sunny
2023-12-30 19:00:00+00:00,14.337001,13.137,92.50003,Sunny
2023-12-30 20:00:00+00:00,14.037001,12.937,93.08997,Sunny
2023-12-30 21:00:00+00:00,13.637,12.587001,93.374756,Sunny
2023-12-30 22:00:00+00:00,12.937,12.087001,94.57726,Sunny
2023-12-30 23:00:00+00:00,12.937,12.037001,94.26652,Sunny
2023-12-31 00:00:00+00:00,12.887,11.987,94.264336,Sunny
2023-12-31 01:00:00+00:00,12.987,12.437,96.4622,Sunny
2023-12-31 02:00:00+00:00,14.037001,12.987,93.3947,Sunny
2023-12-31 03:00:00+00:00,15.937,13.487,85.38741,Sunny
2023-12-31 04:00:00+00:00,17.987,14.037001,77.71298,Sunny
2023-12-31 05:00:00+00:00,20.137,14.437,69.74491,Sunny
2023-12-31 06:00:00+00:00,21.937,14.337001,62.042156,Sunny
2023-12-31 07:00:00+00:00,23.137,14.137,56.939587,Sunny
2023-12-31 08:00:00+00:00,23.887,13.887,53.547356,Sunny
2023-12-31 09:00:00+00:00,23.987,13.637,52.369152,Sunny
2023-12-31 10:00:00+00:00,23.437,13.487,53.60644,Sunny
2023-12-31 11:00:00+00:00,21.237,14.037001,63.51086,Sunny
2023-12-31 12:00:00+00:00,19.337,13.787001,70.271484,Sunny
2023-12-31 13:00:00+00:00,17.837,14.137,78.959656,Sunny
2023-12-31 14:00:00+00:00,17.187,14.387,83.606964,Sunny
2023-12-31 15:00:00+00:00,16.237,14.437,89.09218,Sunny
2023-12-31 16:00:00+00:00,15.587001,14.187,91.37982,Sunny
2023-12-31 17:00:00+00:00,15.037001,13.837001,92.53921,Sunny
2023-12-31 18:00:00+00:00,14.487,13.437,93.417046,Sunny
2023-12-31 19:00:00+00:00,13.937,13.087001,94.61831,Sunny
2023-12-31 20:00:00+00:00,13.437,12.687,95.21976,Sunny
2023-12-31 21:00:00+00:00,13.087001,12.437,95.83413,Sunny
2023-12-31 22:00:00+00:00,12.837001,12.237,96.14168,Sunny
2023-12-31 23:00:00+00:00,12.537001,11.987,96.449936,Sunny
2024-01-01 00:00:00+00:00,12.237,11.687,96.44173,Sunny
2024-01-01 01:00:00+00:00,12.037001,11.487,96.43624,Sunny
2024-01-01 02:00:00+00:00,12.987,11.937,93.34215,Sunny
2024-01-01 03:00:00+00:00,14.787001,12.437,85.827995,Sunny
2024-01-01 04:00:00+00:00,16.887,13.087001,78.309395,Sunny
2024-01-01 05:00:00+00:00,18.937,13.537001,70.88383,Sunny
2024-01-01 06:00:00+00:00,20.637,13.587001,63.999546,Sunny
2024-01-01 07:00:00+00:00,21.786999,13.337001,58.677345,Sunny
2024-01-01 08:00:00+00:00,22.337,13.037001,55.643005,Sunny
2024-01-01 09:00:00+00:00,22.387,12.737,54.396294,Sunny
2024-01-01 10:00:00+00:00,21.837,12.687,56.06613,Sunny
2024-01-01 11:00:00+00:00,19.937,13.137,64.896774,Sunny
2024-01-01 12:00:00+00:00,17.937,12.987,72.80835,Sunny
2024-01-01 13:00:00+00:00,15.887,13.037001,83.1835,Sunny
2024-01-01 14:00:00+00:00,14.587001,12.987,90.1308,Sunny
2024-01-01 15:00:00+00:00,13.937,12.737,92.477516,Sunny
2024-01-01 16:00:00+00:00,13.687,12.637,93.37725,Sunny
2024-01-01 17:00:00+00:00,13.337001,12.487,94.593735,Sunny
2024-01-01 18:00:00+00:00,12.987,12.237,95.20332,Sunny
2024-01-01 19:00:00+00:00,12.587001,11.937,95.81814,Sunny
2024-01-01 20:00:00+00:00,12.187,11.587001,96.122345,Sunny
2024-01-01 21:00:00+00:00,11.787001,11.237,96.42936,Sunny
2024-01-01 22:00:00+00:00,11.387,10.837001,96.41832,Sunny
2024-01-01 23:00:00+00:00,10.887,10.387,96.72653,Sunny
2024-01-02 00:00:00+00:00,10.337001,9.937,97.3623,Sunny
2024-01-02 01:00:00+00:00,9.887,9.637,98.3383,Sunny
2024-01-02 02:00:00+00:00,11.637,10.787001,94.523224,Sunny
2024-01-02 03:00:00+00:00,13.537001,11.387,86.84202,Sunny
2024-01-02 04:00:00+00:00,15.587001,12.037001,79.41284,Sunny
2024-01-02 05:00:00+00:00,17.536999,12.837001,73.937386,Sunny
2024-01-02 06:00:00+00:00,19.286999,13.437,68.90422,Sunny
2024-01-02 07:00:00+00:00,20.786999,13.537001,63.205196,Sunny
2024-01-02 08:00:00+00:00,21.687,13.487,59.616566,Sunny
2024-01-02 09:00:00+00:00,22.036999,13.337001,57.789013,Sunny
2024-01-02 10:00:00+00:00,21.687,13.287001,58.844856,Sunny
2024-01-02 11:00:00+00:00,18.837,14.687,76.844284,Sunny
2024-01-02 12:00:00+00:00,17.187,13.587001,79.3806,Sunny
2024-01-02 13:00:00+00:00,15.237,13.437,89.01211,Sunny
2024-01-02 14:00:00+00:00,14.387,13.037001,91.60141,Sunny
2024-01-02 15:00:00+00:00,13.637,12.587001,93.374756,Sunny
2024-01-02 16:00:00+00:00,13.037001,12.287001,95.20516,Sunny
2024-01-02 17:00:00+00:00,12.587001,11.837001,95.188644,Sunny
2024-01-02 18:00:00+00:00,12.187,11.487,95.489136,Sunny
2024-01-02 19:00:00+00:00,12.487,11.687,94.87135,Sunny
2024-01-02 20:00:00+00:00,11.737,11.237,96.74799,Sunny
2024-01-02 21:00:00+00:00,11.137,10.937,98.68166,Sunny
2024-01-02 22:00:00+00:00,10.887,10.887,100.0,Cloudy
2024-01-02 23:00:00+00:00,10.837001,10.787001,99.66819,Cloudy
2024-01-03 00:00:00+00:00,10.487,10.487,100.0,Cloudy
2024-01-03 01:00:00+00:00,10.537001,10.437,99.335785,Cloudy
2024-01-03 02:00:00+00:00,11.087001,10.987,99.338646,Cloudy
2024-01-03 03:00:00+00:00,12.687,12.337001,97.73044,Cloudy
2024-01-03 04:00:00+00:00,14.687,13.187,90.72836,Cloudy
2024-01-03 05:00:00+00:00,16.536999,14.437,87.407196,Cloudy
2024-01-03 06:00:00+00:00,19.536999,14.687,73.5654,Sunny
2024-01-03 07:00:00+00:00,21.637,14.087001,62.175163,Sunny
2024-01-03 08:00:00+00:00,22.587,13.787001,57.54766,Sunny
2024-01-03 09:00:00+00:00,22.837,13.537001,55.76793,Sunny
2024-01-03 10:00:00+00:00,22.437,13.637,57.511124,Sunny
2024-01-03 11:00:00+00:00,19.737,14.887,73.600075,Sunny
2024-01-03 12:00:00+00:00,17.587,13.737,78.15866,Sunny
2024-01-03 13:00:00+00:00,16.437,13.087001,80.57981,Cloudy
2024-01-03 14:00:00+00:00,15.237,13.087001,87.00359,Cloudy
2024-01-03 15:00:00+00:00,14.737,12.987,89.26298,Sunny
2024-01-03 16:00:00+00:00,13.587001,12.237,91.55111,Sunny
2024-01-03 17:00:00+00:00,13.337001,11.937,91.2343,Sunny
2024-01-03 18:00:00+00:00,13.237,11.837001,91.22776,Sunny
2024-01-03 19:00:00+00:00,12.887,11.687,92.41794,Sunny
2024-01-03 20:00:00+00:00,12.487,11.537001,93.93597,Sunny
2024-01-03 21:00:00+00:00,11.587001,10.987,96.10441,Sunny
2024-01-03 22:00:00+00:00,11.087001,10.637,97.05416,Sunny
2024-01-03 23:00:00+00:00,10.487,10.137,97.69131,Sunny
2024-01-04 00:00:00+00:00,10.137,9.837001,98.01279,Sunny
2024-01-04 01:00:00+00:00,10.587001,10.587001,100.0,Cloudy
2024-01-04 02:00:00+00:00,11.487,11.287001,98.68525,Cloudy
2024-01-04 03:00:00+00:00,13.387,12.537001,94.595795,Sunny
2024-01-04 04:00:00+00:00,15.937,13.737,86.78696,Sunny
2024-01-04 05:00:00+00:00,18.786999,14.187,74.63412,Sunny
2024-01-04 06:00:00+00:00,21.036999,13.737,63.055756,Sunny
2024-01-04 07:00:00+00:00,22.387,13.087001,55.655537,Sunny
2024-01-04 08:00:00+00:00,23.087,12.787001,52.30645,Sunny
2024-01-04 09:00:00+00:00,23.286999,12.387,50.340565,Sunny
2024-01-04 10:00:00+00:00,22.687,12.487,52.546104,Sunny
2024-01-04 11:00:00+00:00,19.587,13.587001,68.29433,Sunny
2024-01-04 12:00:00+00:00,17.387,12.337001,72.23398,Sunny
2024-01-04 13:00:00+00:00,16.737,11.587001,71.64046,Sunny
2024-01-04 14:00:00+00:00,15.137,11.687,79.87434,Sunny
2024-01-04 15:00:00+00:00,14.137,11.637,84.91642,Sunny
2024-01-04 16:00:00+00:00,13.537001,11.387,86.84202,Sunny
2024-01-04 17:00:00+00:00,12.637,10.987,89.68895,Sunny
2024-01-04 18:00:00+00:00,12.237,10.737,90.55777,Sunny
2024-01-04 19:00:00+00:00,11.737,10.387,91.433075,Sunny
2024-01-04 20:00:00+00:00,11.387,10.237,92.64044,Sunny
2024-01-04 21:00:00+00:00,11.137,10.137,93.5602,Sunny
2024-01-04 22:00:00+00:00,10.787001,9.937,94.48746,Sunny
2024-01-04 23:00:00+00:00,10.287001,9.637,95.743416,Sunny
2024-01-05 00:00:00+00:00,10.337001,9.587001,95.10482,Sunny
2024-01-05 01:00:00+00:00,11.187,10.187,93.56265,Sunny
2024-01-05 02:00:00+00:00,11.687,10.587001,92.966225,Sunny
2024-01-05 03:00:00+00:00,14.787001,11.937,83.0519,Sunny
2024-01-05 04:00:00+00:00,17.737,12.987,73.730675,Sunny
2024-01-05 05:00:00+00:00,20.036999,13.537001,66.19959,Sunny
2024-01-05 06:00:00+00:00,21.737,13.037001,57.715973,Sunny
2024-01-05 07:00:00+00:00,22.837,12.137,50.886784,Sunny
2024-01-05 08:00:00+00:00,23.536999,11.137,45.661438,Sunny
2024-01-05 09:00:00+00:00,23.637,10.737,44.197384,Sunny
2024-01-05 10:00:00+00:00,23.137,11.487,47.874157,Sunny
2024-01-05 11:00:00+00:00,19.937,13.587001,66.82779,Sunny
2024-01-05 12:00:00+00:00,17.487,11.987,70.14586,Sunny
2024-01-05 13:00:00+00:00,16.587,11.437,71.61257,Sunny
2024-01-05 14:00:00+00:00,15.587001,11.437,76.329926,Sunny
2024-01-05 15:00:00+00:00,14.737,11.637,81.68732,Sunny
2024-01-05 16:00:00+00:00,14.237,11.137,81.62266,Sunny
2024-01-05 17:00:00+00:00,13.487,10.787001,83.725784,Sunny
2024-01-05 18:00:00+00:00,12.737,10.787001,87.92732,Sunny
2024-01-05 19:00:00+00:00,12.137,10.587001,90.24976,Sunny
2024-01-05 20:00:00+00:00,12.087001,10.437,89.646706,Sunny
2024-01-05 21:00:00+00:00,12.537001,10.937,89.979614,Cloudy
2024-01-05 22:00:00+00:00,12.737,10.587001,86.76496,Cloudy
2024-01-05 23:00:00+00:00,11.687,10.437,92.0417,Cloudy
2024-01-06 00:00:00+00:00,12.087001,10.637,90.8491,Cloudy
2024-01-06 01:00:00+00:00,11.587001,10.287001,91.7291,Cloudy
2024-01-06 02:00:00+00:00,13.887,10.887,82.12118,Cloudy
2024-01-06 03:00:00+00:00,16.637,11.687,72.57457,Cloudy
2024-01-06 04:00:00+00:00,18.937,12.537001,66.401474,Cloudy
2024-01-06 05:00:00+00:00,21.036999,12.787001,59.268105,Cloudy
2024-01-06 06:00:00+00:00,23.036999,12.387,51.107098,Cloudy
2024-01-06 07:00:00+00:00,23.587,12.087001,48.47237,Cloudy
2024-01-06 08:00:00+00:00,23.286999,12.187,49.683346,Cloudy
2024-01-06 09:00:00+00:00,22.536999,12.337001,52.507153,Cloudy
2024-01-06 10:00:00+00:00,22.337,12.687,54.38357,Sunny
2024-01-06 11:00:00+00:00,20.587,13.487,63.780666,Sunny
2024-01-06 12:00:00+00:00,17.987,13.537001,75.23009,Cloudy
2024-01-06 13:00:00+00:00,17.187,13.437,78.60944,Sunny
2024-01-06 14:00:00+00:00,16.437,13.887,84.8872,Sunny
2024-01-06 15:00:00+00:00,15.737,14.287001,91.09433,Sunny
2024-01-06 16:00:00+00:00,15.437,14.237,92.561455,Sunny
2024-01-06 17:00:00+00:00,15.337001,14.187,92.85605,Sunny
2024-01-06 18:00:00+00:00,15.137,14.037001,93.1468,Sunny
2024-01-06 19:00:00+00:00,13.837001,13.137,95.54566,Sunny
2024-01-06 20:00:00+00:00,13.437,13.037001,97.42489,Sunny
2024-01-06 21:00:00+00:00,13.087001,12.837001,98.37924,Sunny
2024-01-06 22:00:00+00:00,12.787001,12.637,99.02247,Sunny
2024-01-06 23:00:00+00:00,13.187,12.987,98.702545,Sunny
2024-01-07 00:00:00+00:00,12.637,12.487,99.02133,Sunny
2024-01-07 01:00:00+00:00,13.237,13.137,99.34966,Cloudy
2024-01-07 02:00:00+00:00,14.037001,13.887,99.03191,Cloudy
2024-01-07 03:00:00+00:00,15.387,14.687,95.597824,Cloudy
2024-01-07 04:00:00+00:00,17.387,15.237,87.20383,Sunny
2024-01-07 05:00:00+00:00,19.637,15.637,77.71155,Sunny
2024-01-07 06:00:00+00:00,21.637,15.587001,68.48247,Sunny
2024-01-07 07:00:00+00:00,23.087,15.237,61.310596,Sunny
2024-01-07 08:00:00+00:00,23.837,14.737,56.743927,Sunny
2024-01-07 09:00:00+00:00,23.887,14.737,56.573586,Sunny
2024-01-07 10:00:00+00:00,23.387,14.887,58.869476,Sunny
2024-01-07 11:00:00+00:00,21.786999,15.237,66.35147,Sunny
2024-01-07 12:00:00+00:00,19.286999,15.237,77.40994,Sunny
2024-01-07 13:00:00+00:00,18.187,15.387,83.72203,Sunny
2024-01-07 14:00:00+00:00,17.087,15.287001,89.15957,Sunny
2024-01-07 15:00:00+00:00,16.187,14.787001,91.418015,Sunny
2024-01-07 16:00:00+00:00,15.637,14.387,92.27388,Sunny
2024-01-07 17:00:00+00:00,15.287001,14.137,92.85337,Sunny
2024-01-07 18:00:00+00:00,14.987,14.037001,94.04957,Sunny
2024-01-07 19:00:00+00:00,14.687,13.887,94.95643,Sunny
2024-01-07 20:00:00+00:00,14.337001,13.687,95.873695,Sunny
2024-01-07 21:00:00+00:00,14.137,13.487,95.86741,Sunny
2024-01-07 22:00:00+00:00,13.887,13.187,95.54736,Sunny
2024-01-07 23:00:00+00:00,13.537001,12.887,95.84844,Sunny
2024-01-08 00:00:00+00:00,13.237,12.637,96.15349,Sunny
2024-01-08 01:00:00+00:00,13.387,12.987,97.423904,Sunny
2024-01-08 02:00:00+00:00,14.437,13.437,93.71927,Sunny
2024-01-08 03:00:00+00:00,16.337,14.037001,86.264305,Sunny
2024-01-08 04:00:00+00:00,18.487,14.687,78.54501,Sunny
2024-01-08 05:00:00+00:00,20.487,15.037001,70.94504,Sunny
2024-01-08 06:00:00+00:00,22.187,14.887,63.31143,Sunny
2024-01-08 07:00:00+00:00,23.286999,14.137,56.42583,Sunny
2024-01-08 08:00:00+00:00,23.786999,13.537001,52.659027,Sunny
2024-01-08 09:00:00+00:00,23.687,13.487,52.804817,Sunny
2024-01-08 10:00:00+00:00,23.087,13.337001,54.219486,Sunny
2024-01-08 11:00:00+00:00,21.286999,13.637,61.693485,Sunny
2024-01-08 12:00:00+00:00,18.737,13.587001,72.00874,Sunny
2024-01-08 13:00:00+00:00,17.286999,13.787001,79.91226,Sunny
2024-01-08 14:00:00+00:00,16.137,13.937,86.80602,Sunny
2024-01-08 15:00:00+00:00,15.037001,13.487,90.457535,Sunny
2024-01-08 16:00:00+00:00,14.137,12.987,92.79155,Sunny
2024-01-08 17:00:00+00:00,13.637,12.737,94.29689,Sunny
2024-01-08 18:00:00+00:00,13.487,12.687,94.91029,Sunny
2024-01-08 19:00:00+00:00,13.187,12.487,95.52353,Sunny
2024-01-08 20:00:00+00:00,12.987,12.387,96.14612,Sunny
2024-01-08 21:00:00+00:00,12.987,12.387,96.14612,Sunny
2024-01-08 22:00:00+00:00,12.887,12.287001,96.14316,Sunny
2024-01-08 23:00:00+00:00,12.437,11.937,96.76552,Sunny
2024-01-09 00:00:00+00:00,11.837001,11.537001,98.03896,Sunny
2024-01-09 01:00:00+00:00,11.737,11.687,99.67052,Cloudy
2024-01-09 02:00:00+00:00,12.987,12.787001,98.70052,Cloudy
2024-01-09 03:00:00+00:00,14.287001,13.687,96.18424,Cloudy
2024-01-09 04:00:00+00:00,16.637,14.237,85.73746,Sunny
2024-01-09 05:00:00+00:00,19.137,14.737,75.6629,Sunny
2024-01-09 06:00:00+00:00,21.187,14.587001,66.01295,Sunny
2024-01-09 07:00:00+00:00,22.437,13.887,58.452656,Sunny
2024-01-09 08:00:00+00:00,22.937,13.337001,54.71391,Sunny
2024-01-09 09:00:00+00:00,22.937,13.137,54.004837,Sunny
2024-01-09 10:00:00+00:00,22.437,13.087001,55.486618,Sunny
2024-01-09 11:00:00+00:00,20.536999,13.337001,63.35557,Sunny
2024-01-09 12:00:00+00:00,17.987,13.087001,73.05547,Sunny
2024-01-09 13:00:00+00:00,15.937,13.587001,85.94485,Sunny
2024-01-09 14:00:00+00:00,14.937,13.137,88.98791,Sunny
2024-01-09 15:00:00+00:00,14.687,12.987,89.5512,Sunny
2024-01-09 16:00:00+00:00,14.137,12.737,91.28646,Sunny
2024-01-09 17:00:00+00:00,12.787001,12.087001,95.5098,Sunny
2024-01-09 18:00:00+00:00,13.037001,12.387,95.83254,Sunny
2024-01-09 19:00:00+00:00,12.987,12.337001,95.83094,Sunny
2024-01-09 20:00:00+00:00,12.437,11.937,96.76552,Sunny
2024-01-09 21:00:00+00:00,12.037001,11.637,97.3969,Sunny
2024-01-09 22:00:00+00:00,11.387,11.187,98.684235,Sunny
2024-01-09 23:00:00+00:00,11.137,11.087001,99.66897,Sunny
2024-01-10 00:00:00+00:00,10.687,10.687,100.0,Cloudy
2024-01-10 01:00:00+00:00,11.737,11.687,99.67052,Cloudy
2024-01-10 02:00:00+00:00,12.237,11.987,98.368515,Cloudy
2024-01-10 03:00:00+00:00,13.237,12.987,98.381134,Cloudy
2024-01-10 04:00:00+00:00,14.687,13.437,92.21897,Cloudy
2024-01-10 05:00:00+00:00,16.887,13.687,81.43087,Cloudy
2024-01-10 06:00:00+00:00,18.237,14.137,76.99951,Sunny
2024-01-10 07:00:00+00:00,19.536999,14.337001,71.92133,Sunny
2024-01-10 08:00:00+00:00,20.587,14.387,67.615,Sunny
2024-01-10 09:00:00+00:00,20.987,14.287001,65.54563,Sunny
2024-01-10 10:00:00+00:00,20.987,14.087001,64.70242,Sunny
2024-01-10 11:00:00+00:00,19.487,14.587001,73.31977,Sunny
2024-01-10 12:00:00+00:00,17.437,14.387,82.29644,Sunny
2024-01-10 13:00:00+00:00,14.687,13.137,90.4328,Sunny
2024-01-10 14:00:00+00:00,14.037001,12.687,91.57947,Sunny
2024-01-10 15:00:00+00:00,13.837001,12.537001,91.867676,Sunny
2024-01-10 16:00:00+00:00,14.037001,12.637,91.27996,Sunny
2024-01-10 17:00:00+00:00,13.737,12.487,92.16347,Sunny
2024-01-10 18:00:00+00:00,12.887,11.987,94.264336,Sunny
2024-01-10 19:00:00+00:00,11.737,11.237,96.74799,Sunny
2024-01-10 20:00:00+00:00,11.137,10.787001,97.70298,Sunny
2024-01-10 21:00:00+00:00,11.037001,10.987,99.66872,Cloudy
2024-01-10 22:00:00+00:00,10.887,10.887,100.0,Cloudy
2024-01-10 23:00:00+00:00,11.037001,10.987,99.66872,Cloudy
2024-01-11 00:00:00+00:00,11.087001,11.087001,100.0,Cloudy
2024-01-11 01:00:00+00:00,10.987,10.987,100.0,Cloudy
2024-01-11 02:00:00+00:00,11.537001,11.287001,98.359604,Cloudy
2024-01-11 03:00:00+00:00,13.187,12.387,94.89866,Cloudy
2024-01-11 04:00:00+00:00,15.437,13.187,86.45669,Sunny
2024-01-11 05:00:00+00:00,17.786999,13.687,76.929504,Sunny
2024-01-11 06:00:00+00:00,19.637,13.687,68.526726,Sunny
2024-01-11 07:00:00+00:00,20.937,12.737,59.438538,Sunny
2024-01-11 08:00:00+00:00,21.387,12.237,55.953754,Sunny
2024-01-11 09:00:00+00:00,21.387,11.937,54.859882,Sunny
2024-01-11 10:00:00+00:00,20.837,11.487,55.083218,Sunny
2024-01-11 11:00:00+00:00,19.087,11.687,62.204945,Sunny
2024-01-11 12:00:00+00:00,16.737,11.337001,70.46573,Sunny
2024-01-11 13:00:00+00:00,14.287001,11.637,84.09594,Sunny
2024-01-11 14:00:00+00:00,13.287001,11.337001,87.97601,Sunny
2024-01-11 15:00:00+00:00,12.587001,10.937,89.68512,Sunny
2024-01-11 16:00:00+00:00,12.137,10.587001,90.24976,Sunny
2024-01-11 17:00:00+00:00,11.837001,10.337001,90.52947,Sunny
2024-01-11 18:00:00+00:00,11.937,10.337001,89.93472,Sunny
2024-01-11 19:00:00+00:00,11.787001,10.287001,90.52592,Sunny
2024-01-11 20:00:00+00:00,11.587001,10.287001,91.7291,Sunny
2024-01-11 21:00:00+00:00,11.237,10.137,92.94216,Sunny
2024-01-11 22:00:00+00:00,10.787001,9.887,94.17169,Sunny
2024-01-11 23:00:00+00:00,10.537001,9.737,94.79415,Sunny
2024-01-12 00:00:00+00:00,10.587001,9.737,94.47899,Sunny
2024-01-12 01:00:00+00:00,10.437,9.837001,96.06963,Sunny
2024-01-12 02:00:00+00:00,11.787001,10.437,91.43631,Sunny
2024-01-12 03:00:00+00:00,13.687,11.087001,84.30664,Sunny
2024-01-12 04:00:00+00:00,15.687,11.837001,77.87312,Sunny
2024-01-12 05:00:00+00:00,17.687,12.487,71.581085,Sunny
2024-01-12 06:00:00+00:00,19.337,12.837001,66.051994,Sunny
2024-01-12 07:00:00+00:00,20.487,12.837001,61.509846,Sunny
2024-01-12 08:00:00+00:00,21.187,12.787001,58.724834,Sunny
2024-01-12 09:00:00+00:00,21.387,12.887,58.38993,Sunny
2024-01-12 10:00:00+00:00,20.987,12.987,60.233147,Sunny
2024-01-12 11:00:00+00:00,19.237,13.287001,68.446785,Sunny
2024-01-12 12:00:00+00:00,17.087,12.787001,75.82169,Sunny
2024-01-12 13:00:00+00:00,15.137,12.537001,84.46883,Sunny
2024-01-12 14:00:00+00:00,13.937,12.287001,89.78783,Sunny
2024-01-12 15:00:00+00:00,13.237,11.837001,91.22776,Sunny
2024-01-12 16:00:00+00:00,12.887,11.487,91.20478,Sunny
2024-01-12 17:00:00+00:00,12.337001,10.887,90.866196,Sunny
2024-01-12 18:00:00+00:00,11.637,10.387,92.0387,Sunny
2024-01-12 19:00:00+00:00,10.837001,9.787001,93.232605,Sunny
2024-01-12 20:00:00+00:00,10.887,9.787001,92.92336,Sunny
2024-01-12 21:00:00+00:00,10.787001,9.787001,93.542984,Sunny
2024-01-12 22:00:00+00:00,10.637,9.637,93.53558,Sunny
2024-01-12 23:00:00+00:00,10.237,9.337001,94.14707,Sunny
2024-01-13 00:00:00+00:00,9.637,8.887,95.07831,Sunny
2024-01-13 01:00:00+00:00,9.137,8.537001,96.029785,Sunny
2024-01-13 02:00:00+00:00,10.237,9.137,92.88824,Sunny
2024-01-13 03:00:00+00:00,12.037001,9.687,85.542786,Sunny
2024-01-13 04:00:00+00:00,13.987,10.387,78.91939,Sunny
2024-01-13 05:00:00+00:00,15.937,10.887,71.967995,Sunny
2024-01-13 06:00:00+00:00,17.637,11.137,65.68995,Sunny
2024-01-13 07:00:00+00:00,18.937,11.437,61.76091,Sunny
2024-01-13 08:00:00+00:00,19.687,11.587001,59.531776,Sunny
2024-01-13 09:00:00+00:00,20.087,11.637,58.266514,Sunny
2024-01-13 10:00:00+00:00,19.837,11.637,59.175613,Sunny
2024-01-13 11:00:00+00:00,17.637,12.787001,73.23259,Sunny
2024-01-13 12:00:00+00:00,15.137,11.637,79.61106,Sunny
2024-01-13 13:00:00+00:00,14.137,10.537001,78.94133,Sunny
2024-01-13 14:00:00+00:00,13.337001,10.687,83.98729,Sunny
2024-01-13 15:00:00+00:00,12.287001,10.637,89.662094,Sunny
2024-01-13 16:00:00+00:00,11.387,10.187,92.33159,Sunny
2024-01-13 17:00:00+00:00,10.837001,9.937,94.17394,Sunny
2024-01-13 18:00:00+00:00,10.387,9.687,95.42624,Sunny
2024-01-13 19:00:00+00:00,10.237,9.637,96.06355,Sunny
2024-01-13 20:00:00+00:00,9.837001,9.437,97.35198,Sunny
2024-01-13 21:00:00+00:00,10.187,9.687,96.7087,Sunny
2024-01-13 22:00:00+00:00,9.687,9.287001,97.34888,Sunny
2024-01-13 23:00:00+00:00,9.187,8.787001,97.338486,Sunny
2024-01-14 00:00:00+00:00,8.537001,8.287001,98.320564,Sunny
2024-01-14 01:00:00+00:00,9.237,9.187,99.66397,Cloudy
2024-01-14 02:00:00+00:00,9.637,9.437,98.66605,Cloudy
2024-01-14 03:00:00+00:00,10.987,10.237,95.129265,Cloudy
2024-01-14 04:00:00+00:00,13.337001,11.337001,87.68974,Sunny
2024-01-14 05:00:00+00:00,15.837001,12.237,79.18778,Sunny
2024-01-14 06:00:00+00:00,18.036999,12.737,71.178505,Sunny
2024-01-14 07:00:00+00:00,19.536999,12.987,65.8787,Sunny
2024-01-14 08:00:00+00:00,20.387,13.237,63.52904,Sunny
2024-01-14 09:00:00+00:00,20.786999,13.287001,62.18436,Sunny
2024-01-14 10:00:00+00:00,20.587,13.337001,63.16058,Sunny
2024-01-14 11:00:00+00:00,18.337,15.187,81.879906,Sunny
2024-01-14 12:00:00+00:00,16.437,13.487,82.708824,Sunny
2024-01-14 13:00:00+00:00,14.387,12.537001,88.652245,Sunny
2024-01-14 14:00:00+00:00,13.487,12.037001,90.94432,Sunny
2024-01-14 15:00:00+00:00,12.337001,11.387,93.92905,Sunny
2024-01-14 16:00:00+00:00,11.637,10.937,95.470055,Sunny
2024-01-14 17:00:00+00:00,11.287001,10.687,96.09539,Sunny
2024-01-14 18:00:00+00:00,10.737,10.287001,97.04611,Sunny
2024-01-14 19:00:00+00:00,10.337001,9.987,97.688614,Sunny
2024-01-14 20:00:00+00:00,10.337001,9.987,97.688614,Sunny
2024-01-14 21:00:00+00:00,10.237,9.937,98.01436,Sunny
2024-01-14 22:00:00+00:00,9.787001,9.637,98.99925,Cloudy
2024-01-14 23:00:00+00:00,9.737,9.687,99.6653,Cloudy
2024-01-15 00:00:00+00:00,9.787001,9.787001,100.0,Cloudy
2024-01-15 01:00:00+00:00,9.887,9.837001,99.665695,Cloudy
2024-01-15 02:00:00+00:00,10.437,10.187,98.34544,Cloudy
2024-01-15 03:00:00+00:00,11.737,11.287001,97.06895,Cloudy
2024-01-15 04:00:00+00:00,14.137,12.437,89.508766,Cloudy
2024-01-15 05:00:00+00:00,16.536999,13.337001,81.38547,Sunny
2024-01-15 06:00:00+00:00,18.437,13.937,75.0606,Sunny
2024-01-15 07:00:00+00:00,19.887,14.137,69.471306,Sunny
2024-01-15 08:00:00+00:00,20.786999,14.137,65.71562,Sunny
2024-01-15 09:00:00+00:00,21.187,13.937,63.294228,Sunny
2024-01-15 10:00:00+00:00,20.937,13.687,63.238613,Sunny
2024-01-15 11:00:00+00:00,18.786999,15.287001,80.11865,Sunny
2024-01-15 12:00:00+00:00,15.987,13.787001,86.791725,Sunny
2024-01-15 13:00:00+00:00,15.037001,13.237,88.99597,Sunny
2024-01-15 14:00:00+00:00,14.337001,12.887,91.00142,Sunny
2024-01-15 15:00:00+00:00,13.537001,12.437,93.06393,Sunny
2024-01-15 16:00:00+00:00,12.637,11.887,95.190475,Sunny
2024-01-15 17:00:00+00:00,12.287001,11.687,96.125336,Sunny
2024-01-15 18:00:00+00:00,11.937,11.487,97.073494,Sunny
2024-01-15 19:00:00+00:00,11.537001,11.187,97.71011,Sunny
2024-01-15 20:00:00+00:00,11.337001,11.037001,98.03132,Sunny
2024-01-15 21:00:00+00:00,11.137,10.937,98.68166,Sunny
2024-01-15 22:00:00+00:00,10.987,10.787001,98.680115,Sunny
2024-01-15 23:00:00+00:00,11.087001,10.837001,98.35383,Sunny
2024-01-16 00:00:00+00:00,11.087001,10.787001,98.02748,Sunny
2024-01-16 01:00:00+00:00,10.987,10.787001,98.680115,Cloudy
2024-01-16 02:00:00+00:00,11.887,11.437,97.07236,Sunny
2024-01-16 03:00:00+00:00,13.537001,12.137,91.2474,Sunny
2024-01-16 04:00:00+00:00,15.437,12.937,85.056526,Sunny
2024-01-16 05:00:00+00:00,17.187,13.637,79.63912,Sunny
2024-01-16 06:00:00+00:00,18.937,14.037001,73.223274,Sunny
2024-01-16 07:00:00+00:00,20.237,14.237,68.42437,Sunny
2024-01-16 08:00:00+00:00,20.987,14.087001,64.70242,Sunny
2024-01-16 09:00:00+00:00,21.286999,13.937,62.907227,Sunny
2024-01-16 10:00:00+00:00,20.987,13.837001,63.66183,Sunny
2024-01-16 11:00:00+00:00,19.187,15.137,77.3947,Sunny
2024-01-16 12:00:00+00:00,16.786999,13.987,83.5606,Sunny
2024-01-16 13:00:00+00:00,16.036999,13.237,83.47315,Cloudy
2024-01-16 14:00:00+00:00,15.637,13.237,85.63483,Sunny
2024-01-16 15:00:00+00:00,14.937,12.687,86.40768,Sunny
2024-01-16 16:00:00+00:00,13.437,12.137,91.84329,Sunny
2024-01-16 17:00:00+00:00,12.437,11.737,95.49777,Sunny
2024-01-16 18:00:00+00:00,12.237,11.637,96.12384,Sunny
2024-01-16 19:00:00+00:00,13.287001,12.387,94.28174,Sunny
2024-01-16 20:00:00+00:00,13.487,12.687,94.91029,Sunny
2024-01-16 21:00:00+00:00,11.037001,10.937,99.338394,Sunny
2024-01-16 22:00:00+00:00,10.787001,10.787001,100.0,Cloudy
2024-01-16 23:00:00+00:00,10.187,10.137,99.66649,Cloudy
2024-01-17 00:00:00+00:00,10.237,9.987,98.34286,Cloudy
2024-01-17 01:00:00+00:00,11.037001,10.987,99.66872,Cloudy
2024-01-17 02:00:00+00:00,11.737,11.637,99.341995,Cloudy
2024-01-17 03:00:00+00:00,13.487,13.087001,97.425896,Cloudy
2024-01-17 04:00:00+00:00,14.587001,13.837001,95.26137,Cloudy
2024-01-17 05:00:00+00:00,16.286999,14.287001,87.95175,Sunny
2024-01-17 06:00:00+00:00,18.587,14.187,75.57338,Sunny
2024-01-17 07:00:00+00:00,19.887,13.937,68.576546,Sunny
2024-01-17 08:00:00+00:00,20.637,13.687,64.41701,Sunny
2024-01-17 09:00:00+00:00,20.987,13.237,61.224285,Sunny
2024-01-17 10:00:00+00:00,20.786999,13.087001,61.37818,Sunny
2024-01-17 11:00:00+00:00,19.237,14.587001,74.46903,Sunny
2024-01-17 12:00:00+00:00,17.737,13.187,74.699875,Sunny
2024-01-17 13:00:00+00:00,13.987,12.137,88.61887,Sunny
2024-01-17 14:00:00+00:00,14.537001,12.387,86.937416,Sunny
2024-01-17 15:00:00+00:00,14.737,12.587001,86.95637,Sunny
2024-01-17 16:00:00+00:00,14.587001,12.537001,87.514404,Sunny
2024-01-17 17:00:00+00:00,13.737,11.987,89.18362,Sunny
2024-01-17 18:00:00+00:00,11.237,10.437,94.82207,Sunny
2024-01-17 19:00:00+00:00,10.687,10.137,96.398865,Sunny
2024-01-17 20:00:00+00:00,9.937,9.687,98.33895,Sunny
2024-01-17 21:00:00+00:00,9.787001,9.787001,100.0,Sunny
2024-01-17 22:00:00+00:00,9.887,9.887,100.0,Cloudy
2024-01-17 23:00:00+00:00,9.937,9.937,100.0,Cloudy
2024-01-18 00:00:00+00:00,10.437,10.437,100.0,Cloudy
2024-01-18 01:00:00+00:00,10.337001,10.337001,100.0,Cloudy
2024-01-18 02:00:00+00:00,10.987,10.887,99.33812,Cloudy
2024-01-18 03:00:00+00:00,12.937,12.137,94.88893,Cloudy
2024-01-18 04:00:00+00:00,15.137,13.337001,89.00406,Cloudy
2024-01-18 05:00:00+00:00,16.987,13.887,81.974236,Cloudy
2024-01-18 06:00:00+00:00,18.487,13.637,73.38218,Cloudy
2024-01-18 07:00:00+00:00,19.437,13.337001,67.82095,Sunny
2024-01-18 08:00:00+00:00,20.087,13.187,64.50709,Sunny
2024-01-18 09:00:00+00:00,20.337,13.137,63.31102,Sunny
2024-01-18 10:00:00+00:00,20.237,13.237,64.12033,Sunny
2024-01-18 11:00:00+00:00,19.536999,14.087001,70.76688,Sunny
2024-01-18 12:00:00+00:00,18.687,13.537001,71.99961,Cloudy
2024-01-18 13:00:00+00:00,17.387,13.387,77.36958,Cloudy
2024-01-18 14:00:00+00:00,14.087001,12.587001,90.687004,Cloudy
2024-01-18 15:00:00+00:00,13.337001,12.287001,93.35973,Cloudy
2024-01-18 16:00:00+00:00,13.437,12.437,93.671684,Cloudy
2024-01-18 17:00:00+00:00,12.987,12.087001,94.268684,Cloudy
2024-01-18 18:00:00+00:00,12.437,11.737,95.49777,Sunny
2024-01-18 19:00:00+00:00,11.737,11.187,96.42798,Sunny
2024-01-18 20:00:00+00:00,10.987,10.787001,98.680115,Sunny
2024-01-18 21:00:00+00:00,10.837001,10.737,99.337364,Sunny
2024-01-18 22:00:00+00:00,10.937,10.937,100.0,Cloudy
2024-01-18 23:00:00+00:00,11.037001,11.037001,100.0,Cloudy
2024-01-19 00:00:00+00:00,10.887,10.887,100.0,Cloudy
2024-01-19 01:00:00+00:00,11.287001,11.237,99.669365,Cloudy
2024-01-19 02:00:00+00:00,11.737,11.637,99.341995,Cloudy
2024-01-19 03:00:00+00:00,12.687,12.387,98.051865,Cloudy
2024-01-19 04:00:00+00:00,13.887,12.987,94.30768,Cloudy
2024-01-19 05:00:00+00:00,16.137,14.087001,87.654274,Cloudy
2024-01-19 06:00:00+00:00,18.187,14.587001,79.52177,Sunny
2024-01-19 07:00:00+00:00,19.687,14.087001,70.11081,Sunny
2024-01-19 08:00:00+00:00,20.587,13.437,63.573383,Cloudy
2024-01-19 09:00:00+00:00,20.786999,13.037001,61.17807,Cloudy
2024-01-19 10:00:00+00:00,20.487,12.687,60.90881,Sunny
2024-01-19 11:00:00+00:00,18.786999,13.887,73.196884,Sunny
2024-01-19 12:00:00+00:00,16.087,12.287001,78.19019,Sunny
2024-01-19 13:00:00+00:00,15.187,12.387,83.37324,Sunny
2024-01-19 14:00:00+00:00,14.187,12.287001,88.34491,Sunny
2024-01-19 15:00:00+00:00,13.437,11.887,90.343704,Sunny
2024-01-19 16:00:00+00:00,12.837001,11.437,91.20148,Sunny
2024-01-19 17:00:00+00:00,12.237,11.037001,92.380684,Sunny
2024-01-19 18:00:00+00:00,11.787001,10.737,93.28134,Sunny
2024-01-19 19:00:00+00:00,11.487,10.587001,94.20282,Sunny
2024-01-19 20:00:00+00:00,11.287001,10.387,94.19396,Sunny
2024-01-19 21:00:00+00:00,10.987,10.137,94.4959,Sunny
2024-01-19 22:00:00+00:00,10.687,9.887,94.80014,Sunny
2024-01-19 23:00:00+00:00,10.287001,9.537001,95.10294,Sunny
2024-01-20 00:00:00+00:00,9.737,9.187,96.372215,Sunny
2024-01-20 01:00:00+00:00,10.187,9.837001,97.685905,Sunny
2024-01-20 02:00:00+00:00,11.187,10.587001,96.09236,Sunny
2024-01-20 03:00:00+00:00,13.137,11.437,89.43092,Sunny
2024-01-20 04:00:00+00:00,15.537001,12.587001,82.598755,Sunny
2024-01-20 05:00:00+00:00,17.737,13.287001,75.18866,Sunny
2024-01-20 06:00:00+00:00,19.437,13.337001,67.82095,Sunny
2024-01-20 07:00:00+00:00,20.487,12.937,61.913437,Sunny
2024-01-20 08:00:00+00:00,20.987,12.587001,58.676685,Sunny
2024-01-20 09:00:00+00:00,21.087,12.487,57.936188,Sunny
2024-01-20 10:00:00+00:00,20.687,12.537001,59.57404,Sunny
2024-01-20 11:00:00+00:00,18.687,13.537001,71.99961,Sunny
2024-01-20 12:00:00+00:00,15.537001,12.287001,80.98838,Sunny
2024-01-20 13:00:00+00:00,14.587001,12.387,86.657265,Sunny
2024-01-20 14:00:00+00:00,13.637,11.987,89.76514,Sunny
2024-01-20 15:00:00+00:00,13.187,11.687,90.624466,Sunny
2024-01-20 16:00:00+00:00,12.787001,11.387,91.19819,Sunny
2024-01-20 17:00:00+00:00,12.187,10.987,92.377815,Sunny
2024-01-20 18:00:00+00:00,11.587001,10.637,93.8943,Sunny
2024-01-20 19:00:00+00:00,11.137,10.387,95.13487,Sunny
2024-01-20 20:00:00+00:00,10.737,10.037001,95.43856,Sunny
2024-01-20 21:00:00+00:00,10.287001,9.737,96.38769,Sunny
2024-01-20 22:00:00+00:00,9.887,9.387,96.701004,Sunny
2024-01-20 23:00:00+00:00,9.387,8.987,97.34266,Sunny
2024-01-21 00:00:00+00:00,8.587001,8.287001,97.98847,Sunny
2024-01-21 01:00:00+00:00,9.187,8.837001,97.667725,Sunny
2024-01-21 02:00:00+00:00,10.437,9.787001,95.74834,Sunny
2024-01-21 03:00:00+00:00,12.237,10.537001,89.36015,Cloudy
2024-01-21 04:00:00+00:00,13.987,11.187,83.230675,Cloudy
2024-01-21 05:00:00+00:00,15.837001,11.787001,76.87571,Sunny
2024-01-21 06:00:00+00:00,17.286999,12.137,71.742424,Sunny
2024-01-21 07:00:00+00:00,18.437,12.087001,66.51471,Sunny
2024-01-21 08:00:00+00:00,19.087,11.687,62.204945,Sunny
2024-01-21 09:00:00+00:00,19.137,11.337001,60.593052,Sunny
2024-01-21 10:00:00+00:00,18.737,11.337001,62.124825,Sunny
2024-01-21 11:00:00+00:00,17.286999,11.837001,70.3388,Sunny
2024-01-21 12:00:00+00:00,14.687,11.387,80.6078,Sunny
2024-01-21 13:00:00+00:00,12.737,10.787001,87.92732,Sunny
2024-01-21 14:00:00+00:00,12.237,10.537001,89.36015,Sunny
2024-01-21 15:00:00+00:00,11.437,10.087001,91.41372,Sunny
2024-01-21 16:00:00+00:00,10.587001,9.537001,93.21968,Sunny
2024-01-21 17:00:00+00:00,10.337001,9.387,93.835686,Sunny
2024-01-21 18:00:00+00:00,9.987,9.237,95.0916,Sunny
2024-01-21 19:00:00+00:00,9.487,8.837001,95.71695,Sunny
2024-01-21 20:00:00+00:00,8.937,8.437,96.67648,Sunny
2024-01-21 21:00:00+00:00,8.687,8.237,96.99852,Sunny
2024-01-21 22:00:00+00:00,8.587001,8.137,96.99616,Sunny
2024-01-21 23:00:00+00:00,8.437,8.037001,97.322784,Sunny
2024-01-22 00:00:00+00:00,8.037001,7.637,97.31436,Sunny
2024-01-22 01:00:00+00:00,8.237,8.137,99.32359,Cloudy
2024-01-22 02:00:00+00:00,9.037001,8.887,98.99332,Cloudy
2024-01-22 03:00:00+00:00,10.137,9.537001,96.060486,Cloudy
2024-01-22 04:00:00+00:00,12.737,10.837001,88.22005,Cloudy
2024-01-22 05:00:00+00:00,15.537001,11.787001,78.36579,Sunny
2024-01-22 06:00:00+00:00,17.536999,12.137,70.61874,Sunny
2024-01-22 07:00:00+00:00,18.887,12.087001,64.66874,Sunny
2024-01-22 08:00:00+00:00,19.587,11.837001,60.89916,Sunny
2024-01-22 09:00:00+00:00,19.837,11.637,59.175613,Sunny
2024-01-22 10:00:00+00:00,19.487,11.537001,60.076996,Sunny
2024-01-22 11:00:00+00:00,17.687,12.737,72.76361,Sunny
2024-01-22 12:00:00+00:00,14.687,11.787001,82.76648,Sunny
2024-01-22 13:00:00+00:00,14.287001,11.937,85.77674,Sunny
2024-01-22 14:00:00+00:00,13.337001,11.587001,89.15162,Sunny
2024-01-22 15:00:00+00:00,12.437,10.987,90.87303,Sunny
2024-01-22 16:00:00+00:00,11.637,10.337001,91.73222,Sunny
2024-01-22 17:00:00+00:00,11.137,9.987,92.62647,Sunny
2024-01-22 18:00:00+00:00,10.537001,9.687,94.476875,Sunny
2024-01-22 19:00:00+00:00,9.837001,9.287001,96.37504,Sunny
2024-01-22 20:00:00+00:00,8.987,8.637,97.664055,Sunny
2024-01-22 21:00:00+00:00,8.687,8.337001,97.65855,Sunny
2024-01-22 22:00:00+00:00,8.637,8.187,96.997345,Sunny
2024-01-22 23:00:00+00:00,8.537001,8.037001,96.66606,Sunny
2024-01-23 00:00:00+00:00,8.087001,7.637,96.98435,Sunny
2024-01-23 01:00:00+00:00,8.537001,8.437,99.32522,Sunny
2024-01-23 02:00:00+00:00,9.637,9.437,98.66605,Cloudy
2024-01-23 03:00:00+00:00,11.237,10.087001,92.632065,Cloudy
2024-01-23 04:00:00+00:00,13.287001,10.987,85.958336,Sunny
2024-01-23 05:00:00+00:00,15.437,11.887,79.39144,Sunny
2024-01-23 06:00:00+00:00,17.387,12.587001,73.428696,Sunny
2024-01-23 07:00:00+00:00,18.887,12.537001,66.609055,Sunny
2024-01-23 08:00:00+00:00,19.786999,12.237,61.75299,Sunny
2024-01-23 09:00:00+00:00,20.137,12.037001,59.639053,Sunny
2024-01-23 10:00:00+00:00,19.837,11.787001,59.7644,Sunny
2024-01-23 11:00:00+00:00,17.887,13.187,73.99781,Sunny
2024-01-23 12:00:00+00:00,14.687,11.987,83.86479,Sunny
2024-01-23 13:00:00+00:00,14.137,11.787001,85.76132,Sunny
2024-01-23 14:00:00+00:00,12.737,11.337001,91.19489,Sunny
2024-01-23 15:00:00+00:00,12.037001,10.937,92.98487,Sunny
2024-01-23 16:00:00+00:00,11.137,10.237,94.187294,Sunny
2024-01-23 17:00:00+00:00,10.587001,9.787001,94.79615,Sunny
2024-01-23 18:00:00+00:00,10.087001,9.487,96.05897,Sunny
2024-01-23 19:00:00+00:00,9.837001,9.387,97.02537,Sunny
2024-01-23 20:00:00+00:00,9.537001,9.187,97.67412,Sunny
2024-01-23 21:00:00+00:00,9.087001,8.837001,98.32783,Sunny
2024-01-23 22:00:00+00:00,8.487,8.437,99.66197,Sunny
2024-01-23 23:00:00+00:00,8.137,8.137,100.0,Cloudy
2024-01-24 00:00:00+00:00,7.987,7.987,100.0,Cloudy
2024-01-24 01:00:00+00:00,9.437,9.387,99.6645,Cloudy
2024-01-24 02:00:00+00:00,9.787001,9.687,99.331856,Cloudy
2024-01-24 03:00:00+00:00,10.987,10.687,98.02595,Cloudy
2024-01-24 04:00:00+00:00,12.387,11.687,95.49604,Cloudy
2024-01-24 05:00:00+00:00,15.187,12.787001,85.588295,Cloudy
2024-01-24 06:00:00+00:00,17.536999,13.587001,77.64477,Sunny
2024-01-24 07:00:00+00:00,19.187,13.487,69.5607,Sunny
2024-01-24 08:00:00+00:00,20.087,13.037001,63.87847,Sunny
2024-01-24 09:00:00+00:00,20.387,12.687,61.285824,Sunny
2024-01-24 10:00:00+00:00,20.087,12.137,60.218792,Sunny
2024-01-24 11:00:00+00:00,18.036999,13.087001,72.82624,Sunny
2024-01-24 12:00:00+00:00,14.537001,11.837001,83.84751,Sunny
2024-01-24 13:00:00+00:00,13.387,11.487,88.27627,Sunny
2024-01-24 14:00:00+00:00,12.337001,10.837001,90.56481,Sunny
2024-01-24 15:00:00+00:00,11.287001,10.187,92.94485,Sunny
2024-01-24 16:00:00+00:00,10.437,9.587001,94.47262,Sunny
2024-01-24 17:00:00+00:00,10.037001,9.337001,95.41385,Sunny
2024-01-24 18:00:00+00:00,9.487,9.087001,97.34472,Sunny
2024-01-24 19:00:00+00:00,9.037001,8.837001,98.659744,Sunny
2024-01-24 20:00:00+00:00,8.837001,8.737,99.32681,Sunny
2024-01-24 21:00:00+00:00,8.587001,8.487,99.325485,Sunny
2024-01-24 22:00:00+00:00,8.037001,8.037001,100.0,Sunny
2024-01-24 23:00:00+00:00,7.337,7.337,99.99999,Cloudy
2024-01-25 00:00:00+00:00,7.087,7.087,100.0,Cloudy
2024-01-25 01:00:00+00:00,9.687,9.587001,99.331314,Cloudy
2024-01-25 02:00:00+00:00,10.387,10.137,98.3448,Cloudy
2024-01-25 03:00:00+00:00,11.337001,10.987,97.70656,Cloudy
2024-01-25 04:00:00+00:00,12.737,11.437,91.800354,Cloudy
2024-01-25 05:00:00+00:00,15.237,12.337001,82.83349,Cloudy
2024-01-25 06:00:00+00:00,17.337,12.937,75.368195,Sunny
2024-01-25 07:00:00+00:00,19.036999,12.787001,67.07819,Sunny
2024-01-25 08:00:00+00:00,20.036999,11.837001,59.22359,Sunny
2024-01-25 09:00:00+00:00,20.387,10.737,53.884266,Sunny
2024-01-25 10:00:00+00:00,20.036999,10.537001,54.334488,Sunny
2024-01-25 11:00:00+00:00,17.987,11.987,67.97106,Sunny
2024-01-25 12:00:00+00:00,14.637,10.937,78.491486,Sunny
2024-01-25 13:00:00+00:00,13.487,10.887,84.28407,Sunny
2024-01-25 14:00:00+00:00,12.487,10.487,87.612724,Sunny
2024-01-25 15:00:00+00:00,11.037001,9.787001,92.00252,Sunny
2024-01-25 16:00:00+00:00,10.637,9.537001,92.909874,Sunny
2024-01-25 17:00:00+00:00,10.637,9.587001,93.22226,Sunny
2024-01-25 18:00:00+00:00,10.287001,9.437,94.466255,Sunny
2024-01-25 19:00:00+00:00,9.087001,8.587001,96.680374,Sunny
2024-01-25 20:00:00+00:00,8.637,8.287001,97.65763,Sunny
2024-01-25 21:00:00+00:00,8.487,8.237,98.31991,Sunny
2024-01-25 22:00:00+00:00,8.387,8.187,98.652855,Sunny
2024-01-25 23:00:00+00:00,8.187,7.987,98.65071,Sunny
2024-01-26 00:00:00+00:00,7.637,7.487,98.98209,Sunny
2024-01-26 01:00:00+00:00,7.987,7.987,100.0,Cloudy
2024-01-26 02:00:00+00:00,8.487,8.337001,98.98892,Cloudy
2024-01-26 03:00:00+00:00,10.437,10.137,98.01745,Cloudy
2024-01-26 04:00:00+00:00,12.087001,11.437,95.80206,Cloudy
2024-01-26 05:00:00+00:00,14.787001,12.637,86.961105,Sunny
2024-01-26 06:00:00+00:00,17.987,12.787001,71.63665,Sunny
2024-01-26 07:00:00+00:00,19.737,12.137,61.53878,Sunny
2024-01-26 08:00:00+00:00,20.536999,11.387,55.7405,Sunny
2024-01-26 09:00:00+00:00,20.737,10.837001,53.085854,Sunny
2024-01-26 10:00:00+00:00,20.187,10.637,54.19234,Sunny
2024-01-26 11:00:00+00:00,18.337,11.687,65.19126,Sunny
2024-01-26 12:00:00+00:00,15.787001,11.437,75.35926,Sunny
2024-01-26 13:00:00+00:00,14.687,11.187,79.547195,Sunny
2024-01-26 14:00:00+00:00,13.837001,11.287001,84.60326,Sunny
2024-01-26 15:00:00+00:00,12.837001,10.937,88.22873,Sunny
2024-01-26 16:00:00+00:00,11.937,10.437,90.53656,Sunny
2024-01-26 17:00:00+00:00,11.287001,10.037001,92.017624,Sunny
2024-01-26 18:00:00+00:00,10.537001,9.537001,93.53064,Sunny
2024-01-26 19:00:00+00:00,9.737,8.937,94.76197,Sunny
2024-01-26 20:00:00+00:00,9.037001,8.437,96.026695,Sunny
2024-01-26 21:00:00+00:00,8.537001,8.037001,96.66606,Sunny
2024-01-26 22:00:00+00:00,8.237,7.787,96.9879,Sunny
2024-01-26 23:00:00+00:00,7.787,7.437,97.6419,Sunny
2024-01-27 00:00:00+00:00,7.587,7.287,97.97254,Sunny
2024-01-27 01:00:00+00:00,7.537,7.487,99.6594,Sunny
2024-01-27 02:00:00+00:00,9.987,9.487,96.70357,Sunny
2024-01-27 03:00:00+00:00,12.237,10.387,88.47114,Sunny
2024-01-27 04:00:00+00:00,14.487,11.337001,81.385254,Sunny
2024-01-27 05:00:00+00:00,16.687,12.037001,74.033165,Sunny
2024-01-27 06:00:00+00:00,18.286999,12.187,67.586296,Sunny
2024-01-27 07:00:00+00:00,19.487,11.637,60.475235,Sunny
2024-01-27 08:00:00+00:00,20.337,10.187,52.105156,Sunny
2024-01-27 09:00:00+00:00,20.587,9.237,48.14129,Sunny
2024-01-27 10:00:00+00:00,20.187,8.637,47.38719,Sunny
2024-01-27 11:00:00+00:00,18.087,9.987,59.14738,Sunny
2024-01-27 12:00:00+00:00,14.737,8.887,67.985725,Sunny
2024-01-27 13:00:00+00:00,13.587001,8.987,73.73741,Sunny
2024-01-27 14:00:00+00:00,12.537001,8.687,77.3879,Sunny
2024-01-27 15:00:00+00:00,11.637,9.087001,84.356926,Sunny
2024-01-27 16:00:00+00:00,10.837001,8.887,87.75688,Sunny
2024-01-27 17:00:00+00:00,10.387,8.687,89.21249,Sunny
2024-01-27 18:00:00+00:00,10.037001,8.537001,90.40059,Sunny
2024-01-27 19:00:00+00:00,9.387,8.287001,92.84192,Sunny
2024-01-27 20:00:00+00:00,8.437,7.637,94.709045,Sunny
2024-01-27 21:00:00+00:00,8.337001,7.537,94.70495,Sunny
2024-01-27 22:00:00+00:00,8.137,7.237,94.0516,Sunny
2024-01-27 23:00:00+00:00,8.237,7.187,93.096504,Sunny
2024-01-28 00:00:00+00:00,7.437,6.737,95.32029,Sunny
2024-01-28 01:00:00+00:00,7.337,6.787,96.30357,Sunny
2024-01-28 02:00:00+00:00,9.637,8.387,91.917114,Sunny
2024-01-28 03:00:00+00:00,12.437,9.637,83.04391,Sunny
2024-01-28 04:00:00+00:00,15.287001,10.887,75.026405,Sunny
2024-01-28 05:00:00+00:00,17.337,11.587001,68.969376,Sunny
2024-01-28 06:00:00+00:00,18.887,11.637,62.778397,Sunny
2024-01-28 07:00:00+00:00,19.887,10.837001,55.94729,Sunny
2024-01-28 08:00:00+00:00,20.487,10.637,53.19763,Sunny
2024-01-28 09:00:00+00:00,20.687,10.937,53.604492,Sunny
2024-01-28 10:00:00+00:00,20.337,10.787001,54.230865,Sunny
2024-01-28 11:00:00+00:00,18.487,11.937,65.655,Sunny
2024-01-28 12:00:00+00:00,15.737,10.787001,72.41106,Sunny
2024-01-28 13:00:00+00:00,14.537001,10.787001,78.21621,Cloudy
2024-01-28 14:00:00+00:00,13.737,11.137,84.31227,Cloudy
2024-01-28 15:00:00+00:00,12.987,10.487,84.79089,Cloudy
2024-01-28 16:00:00+00:00,12.637,10.087001,84.469604,Cloudy
2024-01-28 17:00:00+00:00,11.587001,9.787001,88.712364,Cloudy
2024-01-28 18:00:00+00:00,11.687,9.887,88.720726,Sunny
2024-01-28 19:00:00+00:00,10.937,9.487,90.76976,Sunny
2024-01-28 20:00:00+00:00,10.237,9.037001,92.26441,Sunny
2024-01-28 21:00:00+00:00,9.187,8.187,93.463394,Sunny
2024-01-28 22:00:00+00:00,8.887,7.837,93.130905,Sunny
2024-01-28 23:00:00+00:00,8.737,7.687,93.12299,Sunny
2024-01-29 00:00:00+00:00,7.937,7.287,95.664986,Sunny
2024-01-29 01:00:00+00:00,8.587001,7.937,95.68689,Sunny
2024-01-29 02:00:00+00:00,10.087001,8.887,92.255585,Sunny
2024-01-29 03:00:00+00:00,13.087001,10.287001,83.12258,Sunny
2024-01-29 04:00:00+00:00,16.337,11.637,73.72871,Sunny
2024-01-29 05:00:00+00:00,18.637,11.987,65.25606,Sunny
2024-01-29 06:00:00+00:00,20.187,11.787001,58.48344,Sunny
2024-01-29 07:00:00+00:00,21.187,11.587001,54.26892,Sunny
2024-01-29 08:00:00+00:00,21.786999,11.137,50.776737,Sunny
2024-01-29 09:00:00+00:00,21.987,11.137,50.160694,Sunny
2024-01-29 10:00:00+00:00,21.687,10.887,50.24727,Sunny
2024-01-29 11:00:00+00:00,20.237,13.587001,65.59883,Sunny
2024-01-29 12:00:00+00:00,19.887,11.137,57.07262,Sunny
2024-01-29 13:00:00+00:00,18.536999,11.087001,61.873447,Sunny
2024-01-29 14:00:00+00:00,17.036999,10.887,67.10535,Sunny
2024-01-29 15:00:00+00:00,14.537001,10.537001,76.92562,Sunny
2024-01-29 16:00:00+00:00,16.437,10.287001,66.98001,Sunny
2024-01-29 17:00:00+00:00,15.637,10.237,70.25359,Sunny
2024-01-29 18:00:00+00:00,12.387,9.637,83.31692,Sunny
2024-01-29 19:00:00+00:00,10.987,9.337001,89.56142,Sunny
2024-01-29 20:00:00+00:00,9.987,8.687,91.62843,Sunny
2024-01-29 21:00:00+00:00,10.537001,8.637,88.02684,Sunny
2024-01-29 22:00:00+00:00,10.487,8.287001,86.251785,Sunny
2024-01-29 23:00:00+00:00,9.837001,7.937,87.964386,Sunny
2024-01-30 00:00:00+00:00,9.037001,7.637,90.94596,Sunny
2024-01-30 01:00:00+00:00,9.537001,7.987,90.05778,Sunny
2024-01-30 02:00:00+00:00,10.987,9.037001,87.770454,Sunny
2024-01-30 03:00:00+00:00,14.337001,10.637,78.44683,Sunny
2024-01-30 04:00:00+00:00,17.536999,12.087001,70.38678,Sunny
2024-01-30 05:00:00+00:00,19.687,12.437,62.9589,Sunny
2024-01-30 06:00:00+00:00,21.187,11.987,55.719933,Sunny
2024-01-30 07:00:00+00:00,22.087,11.837001,52.217632,Sunny
2024-01-30 08:00:00+00:00,22.737,11.687,49.700237,Sunny
2024-01-30 09:00:00+00:00,22.887,11.537001,48.76488,Sunny
2024-01-30 10:00:00+00:00,22.587,11.637,49.98933,Sunny
2024-01-30 11:00:00+00:00,20.437,15.337001,72.549,Sunny
2024-01-30 12:00:00+00:00,20.437,11.987,58.35152,Sunny
2024-01-30 13:00:00+00:00,17.036999,12.237,73.367065,Sunny
2024-01-30 14:00:00+00:00,15.887,12.337001,79.45554,Sunny
2024-01-30 15:00:00+00:00,14.437,11.987,85.22918,Sunny
2024-01-30 16:00:00+00:00,13.487,11.287001,86.55021,Sunny
2024-01-30 17:00:00+00:00,12.487,10.937,90.27519,Sunny
2024-01-30 18:00:00+00:00,12.037001,10.687,91.45239,Sunny
2024-01-30 19:00:00+00:00,11.687,10.337001,91.42986,Sunny
2024-01-30 20:00:00+00:00,10.887,9.787001,92.92336,Sunny
2024-01-30 21:00:00+00:00,10.937,9.537001,91.075066,Sunny
2024-01-30 22:00:00+00:00,10.837001,9.237,89.85165,Sunny
2024-01-30 23:00:00+00:00,10.687,8.987,89.23664,Sunny
2024-01-31 00:00:00+00:00,10.587001,8.987,89.83263,Sunny
2024-01-31 01:00:00+00:00,10.737,9.487,91.98432,Sunny
2024-01-31 02:00:00+00:00,12.537001,10.387,86.74559,Sunny
2024-01-31 03:00:00+00:00,15.337001,11.937,80.166,Sunny
2024-01-31 04:00:00+00:00,18.137,13.137,72.60679,Sunny
2024-01-31 05:00:00+00:00,20.286999,13.837001,66.46753,Sunny
2024-01-31 06:00:00+00:00,21.637,14.237,62.782,Sunny
2024-01-31 07:00:00+00:00,22.437,13.937,58.642582,Rainy
2024-01-31 08:00:00+00:00,22.937,12.737,52.61094,Sunny
2024-01-31 09:00:00+00:00,23.286999,11.837001,48.551373,Sunny
2024-01-31 10:00:00+00:00,23.087,11.637,48.497463,Sunny
2024-01-31 11:00:00+00:00,21.137,15.987,72.44197,Sunny
2024-01-31 12:00:00+00:00,17.937,13.387,74.73356,Sunny
2024-01-31 13:00:00+00:00,16.937,12.137,73.34942,Sunny
2024-01-31 14:00:00+00:00,18.187,11.887,66.68159,Sunny
2024-01-31 15:00:00+00:00,15.387,12.087001,80.70248,Sunny
2024-01-31 16:00:00+00:00,14.087001,11.937,86.8946,Sunny
2024-01-31 17:00:00+00:00,13.687,11.687,87.721275,Sunny
2024-01-31 18:00:00+00:00,13.487,11.187,85.9787,Sunny
2024-01-31 19:00:00+00:00,13.037001,11.087001,87.95392,Sunny
2024-01-31 20:00:00+00:00,12.887,11.287001,90.00567,Sunny
2024-01-31 21:00:00+00:00,12.637,11.287001,91.49081,Sunny
2024-01-31 22:00:00+00:00,12.287001,11.087001,92.38357,Sunny
2024-01-31 23:00:00+00:00,11.787001,10.787001,93.592,Sunny
2024-02-01 00:00:00+00:00,11.787001,10.837001,93.90358,Sunny
2024-02-01 01:00:00+00:00,12.237,11.387,94.54826,Sunny
2024-02-01 02:00:00+00:00,13.487,11.887,90.050095,Sunny
2024-02-01 03:00:00+00:00,15.787001,12.587001,81.287605,Sunny
2024-02-01 04:00:00+00:00,18.487,13.887,74.583534,Sunny
2024-02-01 05:00:00+00:00,20.737,14.387,66.99311,Sunny
2024-02-01 06:00:00+00:00,22.237,14.387,61.115448,Sunny
2024-02-01 07:00:00+00:00,23.286999,13.287001,53.393757,Sunny
2024-02-01 08:00:00+00:00,23.687,12.687,50.11721,Sunny
2024-02-01 09:00:00+00:00,23.887,12.037001,47.448586,Sunny
2024-02-01 10:00:00+00:00,23.737,11.587001,46.47855,Sunny
2024-02-01 11:00:00+00:00,21.737,16.637,72.77965,Sunny
2024-02-01 12:00:00+00:00,19.036999,12.587001,66.20517,Sunny
2024-02-01 13:00:00+00:00,21.187,10.987,52.154823,Sunny
2024-02-01 14:00:00+00:00,19.536999,10.987,57.74803,Sunny
2024-02-01 15:00:00+00:00,15.937,11.537001,75.135506,Sunny
2024-02-01 16:00:00+00:00,15.437,11.737,78.60991,Sunny
2024-02-01 17:00:00+00:00,16.237,11.587001,73.95516,Sunny
2024-02-01 18:00:00+00:00,14.687,11.387,80.6078,Sunny
2024-02-01 19:00:00+00:00,12.787001,10.987,88.81221,Sunny
2024-02-01 20:00:00+00:00,12.237,10.687,90.25704,Sunny
2024-02-01 21:00:00+00:00,11.737,10.387,91.433075,Sunny
2024-02-01 22:00:00+00:00,11.537001,10.237,91.72598,Sunny
2024-02-01 23:00:00+00:00,11.187,9.987,92.31997,Sunny
2024-02-02 00:00:00+00:00,11.237,9.937,91.70724,Sunny
2024-02-02 01:00:00+00:00,11.487,10.587001,94.20282,Sunny
2024-02-02 02:00:00+00:00,13.787001,11.837001,88.020035,Sunny
2024-02-02 03:00:00+00:00,16.536999,12.937,79.288086,Sunny
2024-02-02 04:00:00+00:00,19.286999,13.487,69.12889,Sunny
2024-02-02 05:00:00+00:00,21.487,13.437,60.154243,Sunny
2024-02-02 06:00:00+00:00,23.036999,11.937,49.61663,Sunny
2024-02-02 07:00:00+00:00,23.737,11.087001,44.965317,Sunny
2024-02-02 08:00:00+00:00,24.087,10.587001,42.590153,Sunny
2024-02-02 09:00:00+00:00,24.187,10.637,42.476524,Sunny
2024-02-02 10:00:00+00:00,23.786999,9.437,40.154087,Sunny
2024-02-02 11:00:00+00:00,22.437,9.787001,44.605076,Sunny
2024-02-02 12:00:00+00:00,20.387,9.987,51.254646,Sunny
2024-02-02 13:00:00+00:00,19.737,8.537001,48.397797,Sunny
2024-02-02 14:00:00+00:00,18.786999,8.537001,51.34671,Sunny
2024-02-02 15:00:00+00:00,17.437,9.387,59.188545,Sunny
2024-02-02 16:00:00+00:00,16.837,9.387,61.479034,Sunny
2024-02-02 17:00:00+00:00,16.286999,8.937,61.76578,Sunny
2024-02-02 18:00:00+00:00,15.187,8.987,66.492294,Sunny
2024-02-02 19:00:00+00:00,14.437,9.087001,70.2561,Sunny
2024-02-02 20:00:00+00:00,13.787001,9.437,75.023796,Sunny
2024-02-02 21:00:00+00:00,13.337001,9.237,76.22047,Sunny
2024-02-02 22:00:00+00:00,12.837001,8.987,77.43476,Sunny
2024-02-02 23:00:00+00:00,12.087001,8.937,81.067024,Sunny
2024-02-03 00:00:00+00:00,11.987,9.187,82.98912,Sunny
2024-02-03 01:00:00+00:00,11.887,10.337001,90.23155,Sunny
2024-02-03 02:00:00+00:00,13.337001,11.137,86.53551,Sunny
2024-02-03 03:00:00+00:00,15.487,12.037001,79.92325,Sunny
2024-02-03 04:00:00+00:00,17.437,12.537001,72.95764,Sunny
2024-02-03 05:00:00+00:00,19.387,11.787001,61.457905,Cloudy
2024-02-03 06:00:00+00:00,20.387,11.837001,57.95612,Sunny
2024-02-03 07:00:00+00:00,20.937,11.487,54.745525,Sunny
2024-02-03 08:00:00+00:00,21.337,10.237,49.160233,Sunny
2024-02-03 09:00:00+00:00,21.237,9.387,46.724365,Sunny
2024-02-03 10:00:00+00:00,20.837,10.187,50.5239,Sunny
2024-02-03 11:00:00+00:00,19.987,11.187,56.9085,Sunny
2024-02-03 12:00:00+00:00,16.737,11.487,71.16852,Sunny
2024-02-03 13:00:00+00:00,16.687,11.137,69.7593,Sunny
2024-02-03 14:00:00+00:00,15.587001,11.537001,76.8363,Sunny
2024-02-03 15:00:00+00:00,16.337,11.337001,72.28061,Sunny
2024-02-03 16:00:00+00:00,16.887,11.137,68.87965,Sunny
2024-02-03 17:00:00+00:00,13.187,10.887,85.948135,Sunny
2024-02-03 18:00:00+00:00,12.437,10.787001,89.67361,Sunny
2024-02-03 19:00:00+00:00,11.637,10.387,92.0387,Sunny
2024-02-03 20:00:00+00:00,11.487,10.237,92.02967,Sunny
2024-02-03 21:00:00+00:00,11.437,10.137,91.71974,Sunny
2024-02-03 22:00:00+00:00,11.137,9.987,92.62647,Sunny
2024-02-03 23:00:00+00:00,10.737,9.737,93.54051,Sunny
2024-02-04 00:00:00+00:00,11.037001,9.937,92.93144,Sunny
2024-02-04 01:00:00+00:00,11.887,10.887,93.59688,Sunny
2024-02-04 02:00:00+00:00,13.187,11.387,88.84521,Sunny
2024-02-04 03:00:00+00:00,15.487,12.087001,80.18671,Sunny
2024-02-04 04:00:00+00:00,18.137,12.787001,70.96466,Sunny
2024-02-04 05:00:00+00:00,20.137,12.987,63.473522,Sunny
2024-02-04 06:00:00+00:00,21.536999,12.537001,56.54508,Sunny
2024-02-04 07:00:00+00:00,22.387,11.887,51.44203,Sunny
2024-02-04 08:00:00+00:00,23.187,11.187,46.79113,Cloudy
2024-02-04 09:00:00+00:00,23.536999,11.237,45.965073,Cloudy
2024-02-04 10:00:00+00:00,22.987,11.187,47.360573,Cloudy
2024-02-04 11:00:00+00:00,21.937,12.537001,55.179848,Sunny
2024-02-04 12:00:00+00:00,18.487,13.087001,70.79898,Sunny
2024-02-04 13:00:00+00:00,19.987,10.237,53.42321,Sunny
2024-02-04 14:00:00+00:00,19.587,10.337001,55.131687,Sunny
2024-02-04 15:00:00+00:00,16.987,11.087001,68.2179,Sunny
2024-02-04 16:00:00+00:00,15.137,11.387,78.306145,Sunny
2024-02-04 17:00:00+00:00,14.487,11.537001,82.469086,Sunny
2024-02-04 18:00:00+00:00,14.137,11.587001,84.63641,Sunny
2024-02-04 19:00:00+00:00,13.037001,11.587001,90.913864,Sunny
2024-02-04 20:00:00+00:00,12.837001,11.137,89.40742,Sunny
2024-02-04 21:00:00+00:00,12.387,11.087001,91.77876,Sunny
2024-02-04 22:00:00+00:00,11.787001,10.487,91.74157,Cloudy
2024-02-04 23:00:00+00:00,14.087001,10.737,80.258835,Cloudy
2024-02-05 00:00:00+00:00,13.287001,10.987,85.958336,Cloudy
2024-02-05 01:00:00+00:00,14.237,12.137,87.19529,Cloudy
2024-02-05 02:00:00+00:00,15.037001,12.537001,85.01362,Cloudy
2024-02-05 03:00:00+00:00,15.987,12.737,81.048065,Cloudy
2024-02-05 04:00:00+00:00,18.187,13.237,72.85299,Cloudy
2024-02-05 05:00:00+00:00,19.786999,13.487,67.01444,Cloudy
2024-02-05 06:00:00+00:00,20.837,13.687,63.628696,Cloudy
2024-02-05 07:00:00+00:00,21.187,13.687,62.27511,Cloudy
2024-02-05 08:00:00+00:00,21.737,13.487,59.43467,Cloudy
2024-02-05 09:00:00+00:00,21.237,13.487,61.281982,Cloudy
2024-02-05 10:00:00+00:00,21.137,13.537001,61.860115,Sunny
2024-02-05 11:00:00+00:00,20.286999,13.687,65.82307,Sunny
2024-02-05 12:00:00+00:00,18.187,13.737,75.263145,Sunny
2024-02-05 13:00:00+00:00,18.437,13.487,72.89754,Sunny
2024-02-05 14:00:00+00:00,17.337,13.687,79.14429,Sunny
2024-02-05 15:00:00+00:00,16.387,13.787001,84.60668,Sunny
2024-02-05 16:00:00+00:00,15.687,13.987,89.62774,Sunny
2024-02-05 17:00:00+00:00,15.037001,13.837001,92.53921,Sunny
2024-02-05 18:00:00+00:00,14.437,13.537001,94.3313,Sunny
2024-02-05 19:00:00+00:00,14.387,13.637,95.254166,Sunny
2024-02-05 20:00:00+00:00,14.187,13.587001,96.181335,Sunny
2024-02-05 21:00:00+00:00,14.087001,13.587001,96.80628,Sunny
2024-02-05 22:00:00+00:00,13.437,13.137,98.063126,Sunny
2024-02-05 23:00:00+00:00,12.687,12.487,98.69749,Sunny
2024-02-06 00:00:00+00:00,12.187,12.087001,99.3443,Sunny
2024-02-06 01:00:00+00:00,13.937,13.337001,96.17404,Sunny
2024-02-06 02:00:00+00:00,15.087001,14.087001,93.74991,Sunny
2024-02-06 03:00:00+00:00,16.637,14.387,86.57329,Sunny
2024-02-06 04:00:00+00:00,18.337,14.387,77.76584,Cloudy
2024-02-06 05:00:00+00:00,19.987,14.337001,69.941734,Cloudy
2024-02-06 06:00:00+00:00,21.187,13.987,63.4998,Sunny
2024-02-06 07:00:00+00:00,22.286999,14.437,61.126976,Sunny
2024-02-06 08:00:00+00:00,23.237,14.437,57.705593,Sunny
2024-02-06 09:00:00+00:00,23.737,14.137,54.91555,Cloudy
2024-02-06 10:00:00+00:00,23.937,13.087001,50.677685,Sunny
2024-02-06 11:00:00+00:00,23.036999,12.137,50.274265,Sunny
2024-02-06 12:00:00+00:00,21.286999,11.387,53.228523,Sunny
2024-02-06 13:00:00+00:00,19.036999,12.787001,67.07819,Sunny
2024-02-06 14:00:00+00:00,18.137,12.987,71.898964,Sunny
2024-02-06 15:00:00+00:00,17.387,12.987,75.376465,Sunny
2024-02-06 16:00:00+00:00,16.587,13.137,80.07585,Sunny
2024-02-06 17:00:00+00:00,15.987,13.037001,82.653915,Sunny
2024-02-06 18:00:00+00:00,15.487,12.437,82.05255,Sunny
2024-02-06 19:00:00+00:00,14.837001,11.687,81.431015,Sunny
2024-02-06 20:00:00+00:00,14.087001,11.137,82.41931,Sunny
2024-02-06 21:00:00+00:00,13.437,10.837001,84.27842,Sunny
2024-02-06 22:00:00+00:00,12.887,10.637,86.203964,Sunny
2024-02-06 23:00:00+00:00,12.387,10.487,88.18962,Sunny
2024-02-07 00:00:00+00:00,11.887,10.387,90.53301,Sunny
2024-02-07 01:00:00+00:00,12.187,11.187,93.61145,Sunny
2024-02-07 02:00:00+00:00,13.587001,11.437,86.846794,Sunny
2024-02-07 03:00:00+00:00,15.387,11.537001,77.827545,Sunny
2024-02-07 04:00:00+00:00,17.337,11.337001,67.83844,Cloudy
2024-02-07 05:00:00+00:00,19.187,10.287001,56.332283,Sunny
2024-02-07 06:00:00+00:00,19.937,11.037001,56.519962,Sunny
2024-02-07 07:00:00+00:00,20.587,11.087001,54.4754,Sunny
2024-02-07 08:00:00+00:00,21.036999,11.187,53.340244,Sunny
2024-02-07 09:00:00+00:00,21.487,10.837001,50.697044,Sunny
2024-02-07 10:00:00+00:00,21.637,10.587001,49.40538,Sunny
2024-02-07 11:00:00+00:00,20.737,9.987,50.160595,Sunny
2024-02-07 12:00:00+00:00,18.687,9.137,53.804848,Sunny
2024-02-07 13:00:00+00:00,16.587,9.187,61.62776,Sunny
2024-02-07 14:00:00+00:00,15.887,8.987,63.57625,Cloudy
2024-02-07 15:00:00+00:00,15.537001,9.087001,65.4557,Sunny
2024-02-07 16:00:00+00:00,14.687,9.037001,68.89884,Sunny
2024-02-07 17:00:00+00:00,13.937,8.887,71.595314,Sunny
2024-02-07 18:00:00+00:00,13.287001,8.787001,74.18393,Sunny
2024-02-07 19:00:00+00:00,12.887,8.687,75.634254,Sunny
2024-02-07 20:00:00+00:00,12.587001,8.337001,75.328545,Sunny
2024-02-07 21:00:00+00:00,12.087001,7.987,76.01578,Sunny
2024-02-07 22:00:00+00:00,11.587001,7.637,76.71408,Sunny
2024-02-07 23:00:00+00:00,11.087001,7.287,77.42368,Sunny
2024-02-08 00:00:00+00:00,10.587001,6.987,78.41307,Sunny
2024-02-08 01:00:00+00:00,9.787001,8.387,90.99726,Sunny
2024-02-08 02:00:00+00:00,11.937,8.987,82.14831,Cloudy
2024-02-08 03:00:00+00:00,14.237,9.287001,72.13553,Sunny
2024-02-08 04:00:00+00:00,16.087,9.487,64.91793,Sunny
2024-02-08 05:00:00+00:00,17.487,9.887,61.01491,Sunny
2024-02-08 06:00:00+00:00,18.786999,10.437,58.336643,Sunny
2024-02-08 07:00:00+00:00,19.786999,10.687,55.73642,Sunny
2024-02-08 08:00:00+00:00,20.687,10.537001,52.197147,Sunny
2024-02-08 09:00:00+00:00,20.987,9.737,48.575035,Sunny
2024-02-08 10:00:00+00:00,20.837,8.787001,45.989094,Sunny
2024-02-08 11:00:00+00:00,19.937,9.087001,49.610382,Sunny
2024-02-08 12:00:00+00:00,17.237,8.937,58.151928,Sunny
2024-02-08 13:00:00+00:00,16.286999,9.137,62.60417,Cloudy
2024-02-08 14:00:00+00:00,15.137,8.987,66.70625,Sunny
2024-02-08 15:00:00+00:00,14.687,8.787001,67.74627,Sunny
2024-02-08 16:00:00+00:00,14.137,8.937,70.912056,Sunny
2024-02-08 17:00:00+00:00,13.087001,9.137,76.9538,Sunny
2024-02-08 18:00:00+00:00,11.737,9.287001,84.93801,Sunny
2024-02-08 19:00:00+00:00,10.687,9.037001,89.53798,Sunny
2024-02-08 20:00:00+00:00,12.037001,9.187,82.71633,Sunny
2024-02-08 21:00:00+00:00,11.137,8.887,86.02653,Sunny
2024-02-08 22:00:00+00:00,9.737,8.437,91.61253,Sunny
2024-02-08 23:00:00+00:00,9.737,8.537001,92.234924,Sunny
2024-02-09 00:00:00+00:00,9.137,8.287001,94.41702,Sunny
2024-02-09 01:00:00+00:00,9.187,8.587001,96.03133,Sunny
2024-02-09 02:00:00+00:00,11.537001,9.837001,89.304634,Sunny
2024-02-09 03:00:00+00:00,14.837001,11.087001,78.26124,Sunny
2024-02-09 04:00:00+00:00,17.437,11.637,68.76188,Sunny
2024-02-09 05:00:00+00:00,19.387,11.387,59.85499,Sunny
2024-02-09 06:00:00+00:00,20.786999,10.987,53.452644,Sunny
2024-02-09 07:00:00+00:00,21.637,10.937,50.568768,Sunny
2024-02-09 08:00:00+00:00,22.087,10.837001,48.8728,Sunny
2024-02-09 09:00:00+00:00,22.237,10.937,48.751152,Sunny
2024-02-09 10:00:00+00:00,21.987,11.137,50.160694,Sunny
2024-02-09 11:00:00+00:00,20.987,12.287001,57.532703,Sunny
2024-02-09 12:00:00+00:00,17.837,12.487,70.908066,Sunny
2024-02-09 13:00:00+00:00,16.687,11.637,72.106,Sunny
2024-02-09 14:00:00+00:00,15.787001,11.587001,76.11025,Sunny
2024-02-09 15:00:00+00:00,14.987,11.337001,78.803856,Sunny
2024-02-09 16:00:00+00:00,14.137,10.987,81.339325,Sunny
2024-02-09 17:00:00+00:00,13.537001,10.787001,83.45378,Sunny
2024-02-09 18:00:00+00:00,12.987,10.387,84.22746,Sunny
2024-02-09 19:00:00+00:00,12.487,9.887,84.170555,Sunny
2024-02-09 20:00:00+00:00,12.087001,9.687,85.26172,Sunny
2024-02-09 21:00:00+00:00,11.737,9.737,87.54416,Sunny
2024-02-09 22:00:00+00:00,11.487,9.787001,89.300644,Sunny
2024-02-09 23:00:00+00:00,11.137,9.537001,89.87439,Sunny
2024-02-10 00:00:00+00:00,10.637,9.187,90.74889,Sunny
2024-02-10 01:00:00+00:00,11.037001,9.987,93.242905,Sunny
2024-02-10 02:00:00+00:00,12.937,10.437,84.7854,Sunny
2024-02-10 03:00:00+00:00,15.887,11.437,74.87913,Sunny
2024-02-10 04:00:00+00:00,18.687,12.287001,66.348885,Sunny
2024-02-10 05:00:00+00:00,21.137,12.587001,58.138653,Sunny
2024-02-10 06:00:00+00:00,22.887,12.137,50.73288,Sunny
2024-02-10 07:00:00+00:00,23.937,11.787001,46.533195,Sunny
2024-02-10 08:00:00+00:00,24.536999,11.587001,44.3,Sunny
2024-02-10 09:00:00+00:00,24.737,11.387,43.1984,Sunny
2024-02-10 10:00:00+00:00,24.387,11.287001,43.821297,Sunny
2024-02-10 11:00:00+00:00,22.937,12.987,53.478363,Sunny
2024-02-10 12:00:00+00:00,19.587,12.437,63.35097,Sunny
2024-02-10 13:00:00+00:00,19.437,11.237,59.07947,Sunny
2024-02-10 14:00:00+00:00,18.137,11.137,63.6556,Sunny
2024-02-10 15:00:00+00:00,16.737,11.287001,70.232834,Sunny
2024-02-10 16:00:00+00:00,15.537001,11.537001,77.08278,Sunny
2024-02-10 17:00:00+00:00,14.837001,11.587001,80.89499,Sunny
2024-02-10 18:00:00+00:00,13.837001,11.437,85.44737,Sunny
2024-02-10 19:00:00+00:00,12.987,11.037001,87.949486,Sunny
2024-02-10 20:00:00+00:00,12.637,10.737,88.21137,Sunny
2024-02-10 21:00:00+00:00,12.387,10.537001,88.4839,Sunny
2024-02-10 22:00:00+00:00,11.987,10.287001,89.34036,Sunny
2024-02-10 23:00:00+00:00,11.687,9.987,89.31656,Sunny
2024-02-11 00:00:00+00:00,11.187,9.587001,89.878174,Sunny
2024-02-11 01:00:00+00:00,11.037001,9.887,92.62088,Sunny
2024-02-11 02:00:00+00:00,12.887,10.637,86.203964,Sunny
2024-02-11 03:00:00+00:00,15.537001,11.437,76.57478,Sunny
2024-02-11 04:00:00+00:00,18.237,12.187,67.79862,Sunny
2024-02-11 05:00:00+00:00,21.036999,13.087001,60.44196,Sunny
2024-02-11 06:00:00+00:00,23.187,13.437,54.244904,Sunny
2024-02-11 07:00:00+00:00,24.587,13.137,48.900177,Sunny
2024-02-11 08:00:00+00:00,25.387,12.337001,44.24302,Sunny
2024-02-11 09:00:00+00:00,25.637,11.537001,41.35273,Sunny
2024-02-11 10:00:00+00:00,25.286999,11.087001,40.982254,Sunny
2024-02-11 11:00:00+00:00,23.587,12.887,51.084324,Sunny
2024-02-11 12:00:00+00:00,20.337,12.537001,60.87389,Sunny
2024-02-11 13:00:00+00:00,18.687,11.687,63.778088,Sunny
2024-02-11 14:00:00+00:00,16.987,11.837001,71.68687,Sunny
2024-02-11 15:00:00+00:00,15.837001,12.037001,78.15274,Sunny
2024-02-11 16:00:00+00:00,15.137,12.187,82.54954,Sunny
2024-02-11 17:00:00+00:00,14.687,12.087001,84.41874,Sunny
2024-02-11 18:00:00+00:00,14.287001,11.787001,84.932686,Sunny
2024-02-11 19:00:00+00:00,13.937,11.337001,84.33477,Sunny
2024-02-11 20:00:00+00:00,13.537001,10.937,84.28973,Sunny
2024-02-11 21:00:00+00:00,13.087001,10.437,83.95853,Sunny
2024-02-11 22:00:00+00:00,12.037001,10.087001,87.86492,Sunny
2024-02-11 23:00:00+00:00,11.137,9.487,89.573105,Sunny
2024-02-12 00:00:00+00:00,10.737,9.237,90.45101,Sunny
2024-02-12 01:00:00+00:00,10.637,9.237,91.05487,Sunny
2024-02-12 02:00:00+00:00,13.187,10.337001,82.85783,Sunny
2024-02-12 03:00:00+00:00,16.187,11.437,73.459145,Sunny
2024-02-12 04:00:00+00:00,18.937,12.237,65.10638,Sunny
2024-02-12 05:00:00+00:00,21.637,12.937,57.691605,Sunny
2024-02-12 06:00:00+00:00,23.987,12.537001,48.73952,Sunny
2024-02-12 07:00:00+00:00,25.286999,10.787001,40.173874,Sunny
2024-02-12 08:00:00+00:00,25.937,9.887,36.400703,Sunny
2024-02-12 09:00:00+00:00,26.187,9.387,34.683132,Sunny
2024-02-12 10:00:00+00:00,25.887,8.737,33.79096,Sunny
2024-02-12 11:00:00+00:00,23.587,14.137,55.41386,Sunny
2024-02-12 12:00:00+00:00,22.137,9.637,44.97219,Sunny
2024-02-12 13:00:00+00:00,18.737,9.237,53.999283,Sunny
2024-02-12 14:00:00+00:00,16.987,9.587001,61.72088,Sunny
2024-02-12 15:00:00+00:00,15.487,10.687,73.09172,Sunny
2024-02-12 16:00:00+00:00,15.087001,11.137,77.26803,Sunny
2024-02-12 17:00:00+00:00,15.987,11.037001,72.45661,Sunny
2024-02-12 18:00:00+00:00,13.887,10.587001,80.498795,Sunny
2024-02-12 19:00:00+00:00,13.037001,10.237,83.11656,Sunny
2024-02-12 20:00:00+00:00,12.587001,10.087001,84.746864,Sunny
2024-02-12 21:00:00+00:00,12.537001,10.337001,86.45674,Sunny
2024-02-12 22:00:00+00:00,11.237,9.887,91.400764,Sunny
2024-02-12 23:00:00+00:00,12.787001,10.037001,83.36471,Sunny
2024-02-13 00:00:00+00:00,11.587001,9.487,86.94463,Sunny
2024-02-13 01:00:00+00:00,10.387,9.287001,92.89637,Sunny
2024-02-13 02:00:00+00:00,13.137,10.187,82.3003,Cloudy
2024-02-13 03:00:00+00:00,17.036999,10.637,65.99896,Sunny
2024-02-13 04:00:00+00:00,20.837,12.137,57.495934,Sunny
2024-02-13 05:00:00+00:00,23.487,11.487,46.873043,Sunny
2024-02-13 06:00:00+00:00,24.987,10.537001,40.223324,Cloudy
2024-02-13 07:00:00+00:00,25.687,10.887,39.492085,Cloudy
2024-02-13 08:00:00+00:00,26.187,11.237,39.24077,Sunny
2024-02-13 09:00:00+00:00,26.087,11.837001,41.0703,Sunny
2024-02-13 10:00:00+00:00,26.137,12.637,43.160053,Sunny
2024-02-13 11:00:00+00:00,24.687,16.237,59.366283,Sunny
2024-02-13 12:00:00+00:00,21.437,14.437,64.38238,Sunny
2024-02-13 13:00:00+00:00,23.587,12.137,48.632103,Sunny
2024-02-13 14:00:00+00:00,22.937,12.187,50.74609,Cloudy
2024-02-13 15:00:00+00:00,21.737,12.637,56.225136,Sunny
2024-02-13 16:00:00+00:00,20.587,12.887,61.332027,Sunny
2024-02-13 17:00:00+00:00,19.887,12.837001,63.834324,Sunny
2024-02-13 18:00:00+00:00,19.137,12.787001,66.66131,Sunny
2024-02-13 19:00:00+00:00,18.337,12.787001,70.07962,Sunny
2024-02-13 20:00:00+00:00,17.587,12.587001,72.507675,Sunny
2024-02-13 21:00:00+00:00,17.036999,12.387,74.09361,Sunny
2024-02-13 22:00:00+00:00,15.087001,12.137,82.54335,Sunny
2024-02-13 23:00:00+00:00,14.137,11.937,86.613625,Sunny
2024-02-14 00:00:00+00:00,13.787001,12.187,90.07221,Cloudy
2024-02-14 01:00:00+00:00,14.237,13.137,93.10035,Cloudy
2024-02-14 02:00:00+00:00,15.937,13.387,84.83319,Sunny
2024-02-14 03:00:00+00:00,19.237,14.437,73.75116,Sunny
2024-02-14 04:00:00+00:00,21.937,14.737,63.6653,Cloudy
2024-02-14 05:00:00+00:00,23.337,16.286999,64.58607,Cloudy
2024-02-14 06:00:00+00:00,24.337,16.737,62.58148,Cloudy
2024-02-14 07:00:00+00:00,24.837,16.687,60.54529,Cloudy
2024-02-14 08:00:00+00:00,25.137,16.637,59.283306,Cloudy
2024-02-14 09:00:00+00:00,22.637,17.837,74.32971,Rainy
2024-02-14 10:00:00+00:00,22.337,18.487,78.85002,Rainy
2024-02-14 11:00:00+00:00,21.487,18.337,82.27069,Cloudy
2024-02-14 12:00:00+00:00,19.837,18.437,91.645096,Cloudy
2024-02-14 13:00:00+00:00,18.237,17.437,95.089355,Cloudy
2024-02-14 14:00:00+00:00,19.587,17.987,90.48578,Rainy
2024-02-14 15:00:00+00:00,17.737,17.137,96.282745,Rainy
2024-02-14 16:00:00+00:00,17.737,17.036999,95.67516,Sunny
2024-02-14 17:00:00+00:00,16.937,16.536999,97.49294,Sunny
2024-02-14 18:00:00+00:00,16.036999,15.987,99.68136,Sunny
2024-02-14 19:00:00+00:00,15.937,15.937,100.0,Cloudy
2024-02-14 20:00:00+00:00,15.537001,15.537001,99.99999,Cloudy
2024-02-14 21:00:00+00:00,15.737,15.687,99.68061,Cloudy
2024-02-14 22:00:00+00:00,15.487,15.387,99.3609,Cloudy
2024-02-14 23:00:00+00:00,15.437,15.287001,99.042336,Cloudy
2024-02-15 00:00:00+00:00,15.537001,15.337001,98.72588,Cloudy
2024-02-15 01:00:00+00:00,15.787001,15.737,99.68073,Cloudy
2024-02-15 02:00:00+00:00,16.137,15.937,98.73174,Cloudy
2024-02-15 03:00:00+00:00,17.337,16.137,92.66577,Cloudy
2024-02-15 04:00:00+00:00,19.937,16.987,83.12739,Sunny
2024-02-15 05:00:00+00:00,21.786999,17.437,76.32843,Sunny
2024-02-15 06:00:00+00:00,23.337,17.137,68.16718,Sunny
2024-02-15 07:00:00+00:00,24.437,16.786999,62.405468,Sunny
2024-02-15 08:00:00+00:00,25.087,16.387,58.522415,Sunny
2024-02-15 09:00:00+00:00,25.286999,15.337001,54.076614,Sunny
2024-02-15 10:00:00+00:00,25.087,14.987,53.50745,Sunny
2024-02-15 11:00:00+00:00,24.237,15.387,57.761578,Sunny
2024-02-15 12:00:00+00:00,20.887,15.637,71.93547,Sunny
2024-02-15 13:00:00+00:00,20.687,14.087001,65.90764,Sunny
2024-02-15 14:00:00+00:00,19.887,13.737,67.69195,Sunny
2024-02-15 15:00:00+00:00,18.837,13.487,71.09606,Sunny
2024-02-15 16:00:00+00:00,16.837,13.737,81.95529,Sunny
2024-02-15 17:00:00+00:00,16.137,13.787001,85.96501,Sunny
2024-02-15 18:00:00+00:00,15.587001,13.737,88.7515,Sunny
2024-02-15 19:00:00+00:00,15.337001,13.587001,89.31018,Sunny
2024-02-15 20:00:00+00:00,15.337001,13.687,89.89274,Sunny
2024-02-15 21:00:00+00:00,15.037001,13.687,91.64195,Sunny
2024-02-15 22:00:00+00:00,14.537001,13.437,93.1159,Sunny
2024-02-15 23:00:00+00:00,13.837001,13.137,95.54566,Sunny
2024-02-16 00:00:00+00:00,13.037001,12.287001,95.20516,Sunny
2024-02-16 01:00:00+00:00,14.387,13.337001,93.41208,Sunny
2024-02-16 02:00:00+00:00,16.137,14.487,89.952,Sunny
2024-02-16 03:00:00+00:00,18.536999,15.537001,82.69646,Sunny
2024-02-16 04:00:00+00:00,21.087,16.137,73.363464,Sunny
2024-02-16 05:00:00+00:00,22.987,16.237,65.757286,Sunny
2024-02-16 06:00:00+00:00,24.487,15.787001,58.37943,Sunny
2024-02-16 07:00:00+00:00,25.737,14.887,51.149303,Sunny
2024-02-16 08:00:00+00:00,26.487,13.087001,43.540253,Sunny
2024-02-16 09:00:00+00:00,26.587,12.787001,42.443726,Sunny
2024-02-16 10:00:00+00:00,26.437,12.337001,41.575783,Sunny
2024-02-16 11:00:00+00:00,25.286999,12.087001,43.781372,Sunny
2024-02-16 12:00:00+00:00,22.387,12.137,52.295902,Sunny
2024-02-16 13:00:00+00:00,20.337,12.437,60.475838,Sunny
2024-02-16 14:00:00+00:00,18.937,13.287001,69.738976,Sunny
2024-02-16 15:00:00+00:00,18.587,13.587001,72.687485,Sunny
2024-02-16 16:00:00+00:00,18.137,13.787001,75.74541,Sunny
2024-02-16 17:00:00+00:00,17.237,14.087001,81.74053,Sunny
2024-02-16 18:00:00+00:00,16.837,14.337001,85.205284,Sunny
2024-02-16 19:00:00+00:00,16.337,14.337001,87.956116,Sunny
2024-02-16 20:00:00+00:00,15.887,14.337001,90.51721,Sunny
2024-02-16 21:00:00+00:00,15.687,14.337001,91.68222,Sunny
2024-02-16 22:00:00+00:00,15.337001,14.137,92.55589,Sunny
2024-02-16 23:00:00+00:00,14.737,13.737,93.73344,Sunny
2024-02-17 00:00:00+00:00,13.737,12.987,95.23067,Sunny
2024-02-17 01:00:00+00:00,14.237,13.787001,97.124855,Sunny
2024-02-17 02:00:00+00:00,16.286999,14.787001,90.83735,Sunny
2024-02-17 03:00:00+00:00,18.387,15.137,81.36188,Sunny
2024-02-17 04:00:00+00:00,20.637,15.587001,72.81751,Sunny
2024-02-17 05:00:00+00:00,22.737,15.737,64.66336,Sunny
2024-02-17 06:00:00+00:00,24.337,15.337001,57.23252,Sunny
2024-02-17 07:00:00+00:00,25.536999,13.887,48.520054,Sunny
2024-02-17 08:00:00+00:00,26.137,13.087001,44.44938,Sunny
2024-02-17 09:00:00+00:00,26.187,12.387,42.33279,Sunny
2024-02-17 10:00:00+00:00,25.887,12.087001,42.24944,Sunny
2024-02-17 11:00:00+00:00,24.786999,11.437,43.2123,Sunny
2024-02-17 12:00:00+00:00,22.187,11.237,49.882572,Sunny
2024-02-17 13:00:00+00:00,18.687,11.837001,64.412415,Sunny
2024-02-17 14:00:00+00:00,18.036999,11.537001,65.7756,Sunny
2024-02-17 15:00:00+00:00,17.937,11.537001,66.190414,Sunny
2024-02-17 16:00:00+00:00,16.487,11.887,74.24285,Sunny
2024-02-17 17:00:00+00:00,15.337001,12.087001,80.961754,Sunny
2024-02-17 18:00:00+00:00,14.937,12.187,83.61822,Sunny
2024-02-17 19:00:00+00:00,14.087001,12.037001,87.4688,Sunny
2024-02-17 20:00:00+00:00,13.637,11.687,88.00687,Sunny
2024-02-17 21:00:00+00:00,13.337001,11.537001,88.85754,Sunny
2024-02-17 22:00:00+00:00,12.487,11.087001,91.17839,Sunny
2024-02-17 23:00:00+00:00,12.387,10.937,90.86962,Sunny
2024-02-18 00:00:00+00:00,12.487,10.887,89.975876,Sunny
2024-02-18 01:00:00+00:00,12.487,11.287001,92.39504,Sunny
2024-02-18 02:00:00+00:00,14.987,11.987,82.259735,Sunny
2024-02-18 03:00:00+00:00,17.837,12.587001,71.374596,Sunny
2024-02-18 04:00:00+00:00,20.536999,12.937,61.72284,Cloudy
2024-02-18 05:00:00+00:00,22.937,12.737,52.61094,Sunny
2024-02-18 06:00:00+00:00,24.737,11.187,42.63001,Sunny
2024-02-18 07:00:00+00:00,25.786999,8.887,34.337856,Sunny
2024-02-18 08:00:00+00:00,26.137,8.237,32.18646,Sunny
2024-02-18 09:00:00+00:00,26.036999,7.887,31.61659,Sunny
2024-02-18 10:00:00+00:00,25.637,8.037001,32.70674,Sunny
2024-02-18 11:00:00+00:00,24.237,10.937,43.202507,Sunny
2024-02-18 12:00:00+00:00,20.587,10.837001,53.57864,Sunny
2024-02-18 13:00:00+00:00,22.837,8.737,40.565395,Sunny
2024-02-18 14:00:00+00:00,22.737,8.437,39.99207,Sunny
2024-02-18 15:00:00+00:00,21.187,8.687,44.707638,Sunny
2024-02-18 16:00:00+00:00,17.737,9.337001,57.884373,Sunny
2024-02-18 17:00:00+00:00,16.687,9.287001,61.65107,Sunny
2024-02-18 18:00:00+00:00,14.637,9.187,69.82349,Sunny
2024-02-18 19:00:00+00:00,13.737,9.387,75.01533,Sunny
2024-02-18 20:00:00+00:00,12.587001,9.537001,81.680786,Sunny
2024-02-18 21:00:00+00:00,12.037001,9.487,84.40214,Sunny
2024-02-18 22:00:00+00:00,12.237,9.387,82.74106,Sunny
2024-02-18 23:00:00+00:00,11.587001,9.137,84.92159,Sunny
2024-02-19 00:00:00+00:00,11.387,9.037001,85.47416,Sunny
2024-02-19 01:00:00+00:00,12.337001,9.487,82.7534,Sunny
2024-02-19 02:00:00+00:00,15.137,10.437,73.5177,Sunny
2024-02-19 03:00:00+00:00,19.036999,11.937,63.43657,Sunny
2024-02-19 04:00:00+00:00,21.837,12.287001,54.61399,Sunny
2024-02-19 05:00:00+00:00,23.887,12.537001,49.033333,Sunny
2024-02-19 06:00:00+00:00,25.337,12.237,44.08413,Sunny
2024-02-19 07:00:00+00:00,26.337,11.537001,39.674488,Sunny
2024-02-19 08:00:00+00:00,26.737,10.987,37.3637,Sunny
2024-02-19 09:00:00+00:00,26.837,10.537001,36.049446,Sunny
2024-02-19 10:00:00+00:00,26.587,10.437,36.34091,Sunny
2024-02-19 11:00:00+00:00,25.137,17.087,60.999428,Sunny
2024-02-19 12:00:00+00:00,21.837,13.087001,57.552166,Sunny
2024-02-19 13:00:00+00:00,22.637,12.187,51.67739,Sunny
2024-02-19 14:00:00+00:00,20.237,12.037001,59.271477,Sunny
2024-02-19 15:00:00+00:00,18.087,11.787001,66.66064,Sunny
2024-02-19 16:00:00+00:00,16.587,11.887,73.77237,Sunny
2024-02-19 17:00:00+00:00,16.087,11.637,74.91284,Sunny
2024-02-19 18:00:00+00:00,15.337001,11.437,77.56303,Sunny
2024-02-19 19:00:00+00:00,14.637,10.987,78.75249,Sunny
2024-02-19 20:00:00+00:00,14.337001,10.537001,77.92617,Sunny
2024-02-19 21:00:00+00:00,13.787001,10.087001,78.364624,Sunny
2024-02-19 22:00:00+00:00,13.137,9.587001,79.05933,Sunny
2024-02-19 23:00:00+00:00,12.887,9.437,79.5558,Sunny
2024-02-20 00:00:00+00:00,12.437,9.587001,82.76573,Sunny
2024-02-20 01:00:00+00:00,13.787001,10.737,81.83596,Sunny
2024-02-20 02:00:00+00:00,16.286999,11.637,73.96385,Sunny
2024-02-20 03:00:00+00:00,19.737,13.087001,65.4922,Sunny
2024-02-20 04:00:00+00:00,22.637,13.337001,55.718025,Sunny
2024-02-20 05:00:00+00:00,24.687,13.287001,49.086678,Sunny
2024-02-20 06:00:00+00:00,25.987,13.037001,44.699314,Sunny
2024-02-20 07:00:00+00:00,27.036999,12.437,40.397564,Sunny
2024-02-20 08:00:00+00:00,27.737,12.537001,39.029884,Sunny
2024-02-20 09:00:00+00:00,28.137,12.887,39.013752,Sunny
2024-02-20 10:00:00+00:00,27.887,12.737,39.19992,Sunny
2024-02-20 11:00:00+00:00,26.737,13.937,45.343967,Sunny
2024-02-20 12:00:00+00:00,24.187,13.837001,52.4209,Sunny
2024-02-20 13:00:00+00:00,22.937,13.937,56.89052,Sunny
2024-02-20 14:00:00+00:00,22.036999,13.987,60.28311,Sunny
2024-02-20 15:00:00+00:00,20.786999,14.187,65.92874,Sunny
2024-02-20 16:00:00+00:00,18.687,14.487,76.573265,Sunny
2024-02-20 17:00:00+00:00,18.237,14.387,78.25515,Sunny
2024-02-20 18:00:00+00:00,17.387,14.437,82.82391,Sunny
2024-02-20 19:00:00+00:00,17.786999,14.487,81.02211,Sunny
2024-02-20 20:00:00+00:00,17.687,14.487,81.53406,Sunny
2024-02-20 21:00:00+00:00,17.687,14.337001,80.74748,Sunny
2024-02-20 22:00:00+00:00,17.237,14.287001,82.805786,Sunny
2024-02-20 23:00:00+00:00,16.187,14.287001,88.51396,Sunny
